Generation,Mean_Fit,Master_Fit,Max_Fit,Flips,Flip_Rate,Threshold,Time
0,-1120.8,-989.2,-197.5,152,9.11,10.4,4.68
1,-1080.8,-1152.1,-343.6,231,13.85,11.3,4.64
2,-1089.1,-1111.7,-200.3,222,13.31,12.3,4.00
3,-1110.4,-934.4,-446.7,190,11.39,13.1,3.99
4,-1114.0,-922.1,-248.0,159,9.53,13.7,4.74
5,-1095.6,-1025.1,-288.1,144,8.63,14.1,4.47
6,-1060.4,-1066.0,-233.0,160,9.59,14.8,3.45
7,-1099.3,-1137.7,-258.3,139,8.33,15.3,4.03
8,-1093.2,-1060.7,-239.4,146,8.75,15.9,6.33
9,-1065.8,-1203.3,-271.2,129,7.73,16.3,3.14
10,-1080.8,-1013.0,-247.1,104,6.24,16.5,3.21
11,-1069.4,-899.5,-255.5,105,6.29,16.7,3.33
12,-1054.6,-1070.9,-225.9,112,6.71,17.0,3.50
13,-1068.4,-932.3,-240.7,104,6.24,17.2,4.13
14,-1088.2,-1065.4,-227.4,133,7.97,17.7,4.01
15,-1081.3,-1094.4,-251.3,115,6.89,18.1,4.32
16,-1082.7,-875.1,-226.4,76,4.56,18.0,4.11
17,-1056.7,-1240.5,-225.6,98,5.88,18.1,3.49
18,-1061.8,-980.5,-201.7,107,6.41,18.4,4.10
19,-1072.3,-1109.5,-253.8,103,6.18,18.6,3.95
20,-1079.9,-1178.0,-200.8,92,5.52,18.7,8.59
21,-1064.0,-939.7,-200.1,83,4.98,18.7,4.00
22,-1062.8,-1258.2,-212.0,81,4.86,18.7,3.73
23,-1050.6,-910.5,-176.0,91,5.46,18.8,3.52
24,-1073.3,-1191.4,-229.3,84,5.04,18.8,7.20
25,-1046.2,-871.4,-212.2,103,6.18,19.0,3.89
26,-1055.0,-1177.0,-239.7,71,4.26,18.8,3.52
27,-1051.7,-1230.8,-194.9,99,5.94,19.0,4.41
28,-1047.7,-2212.1,-228.5,80,4.80,19.0,3.30
29,-1032.6,-1039.8,-150.0,104,6.24,19.2,3.59
30,-1054.4,-1000.3,-188.7,64,3.84,19.0,3.51
31,-1049.7,-1054.3,-223.7,83,4.98,19.0,3.28
32,-1037.7,-1129.8,-205.8,103,6.18,19.2,4.95
33,-1041.9,-1163.6,-212.8,107,6.41,19.5,3.29
34,-1037.6,-1016.2,-214.8,105,6.29,19.7,3.34
35,-1032.6,-796.3,-189.9,63,3.78,19.5,4.05
36,-1041.7,-969.5,-204.3,104,6.24,19.7,3.64
37,-1060.5,-1040.0,-232.3,81,4.86,19.7,4.44
38,-1054.0,-1119.5,-197.4,98,5.88,19.9,3.76
39,-1038.4,-1341.9,-208.2,67,4.02,19.7,3.92
40,-1046.2,-1104.5,-176.5,80,4.80,19.6,5.80
41,-1059.2,-1109.5,-211.2,85,5.10,19.7,4.00
42,-1050.0,-1128.4,-188.9,93,5.58,19.8,4.02
43,-1039.5,-1086.2,-205.1,75,4.50,19.7,3.33
44,-1049.8,-1218.4,-194.3,74,4.44,19.6,3.74
45,-1054.3,-993.4,-208.2,105,6.29,19.8,3.52
46,-1046.5,-1330.4,-133.1,79,4.74,19.8,2.90
47,-1050.3,-1089.2,-200.3,83,4.98,19.8,3.57
48,-1050.7,-1009.0,-146.1,75,4.50,19.7,3.72
49,-1067.9,-1177.6,-186.0,77,4.62,19.6,6.81
50,-1045.1,-1140.9,-213.4,80,4.80,19.5,3.21
51,-1026.7,-1165.6,-220.7,83,4.98,19.5,3.45
52,-1033.1,-920.5,-216.4,83,4.98,19.5,3.54
53,-1045.9,-871.8,-197.8,84,5.04,19.5,3.88
54,-1037.6,-1308.0,-198.9,103,6.18,19.8,3.74
55,-1041.6,-803.5,-220.3,85,5.10,19.8,4.18
56,-1015.5,-1501.3,-202.7,78,4.68,19.7,5.23
57,-1033.0,-892.2,-180.5,81,4.86,19.7,3.40
58,-1046.7,-963.9,-211.1,82,4.92,19.7,3.76
59,-1038.5,-1078.0,-205.5,87,5.22,19.7,3.38
60,-1051.9,-977.7,-196.3,90,5.40,19.8,6.02
61,-1024.9,-1022.4,-181.4,87,5.22,19.8,3.55
62,-1034.6,-1268.9,-196.2,96,5.76,20.0,3.75
63,-1014.5,-1207.5,-127.1,71,4.26,19.8,4.34
64,-907.3,-921.0,-200.9,104,6.24,20.1,2.80
65,-907.8,-1067.3,-209.4,71,4.26,19.9,2.87
66,-844.7,-802.2,-120.7,111,6.65,20.3,4.03
67,-862.2,-866.8,-188.7,77,4.62,20.2,2.62
68,-873.7,-781.4,-197.3,83,4.98,20.2,3.26
69,-854.9,-883.1,-202.2,82,4.92,20.2,3.81
70,-828.1,-715.8,-168.4,85,5.10,20.2,3.44
71,-881.9,-891.8,-193.9,74,4.44,20.1,3.49
72,-857.0,-823.6,-187.5,90,5.40,20.2,2.88
73,-853.4,-781.4,-163.7,86,5.16,20.2,2.58
74,-848.1,-803.8,-200.8,81,4.86,20.2,2.65
75,-859.7,-798.9,-220.2,83,4.98,20.2,3.46
76,-855.4,-717.7,-204.4,85,5.10,20.2,3.18
77,-862.0,-927.1,-163.3,90,5.40,20.3,3.12
78,-882.3,-694.0,-189.1,98,5.88,20.4,3.19
79,-855.9,-711.1,-193.8,85,5.10,20.4,3.91
80,-836.8,-722.0,-195.4,91,5.46,20.5,2.61
81,-855.9,-848.0,-204.4,90,5.40,20.6,2.77
82,-854.1,-838.8,-192.4,70,4.20,20.5,3.92
83,-857.1,-1004.8,-199.1,91,5.46,20.6,3.07
84,-846.4,-1135.4,-198.4,81,4.86,20.5,2.76
85,-849.1,-875.0,-144.8,77,4.62,20.4,3.44
86,-849.6,-986.5,-163.3,95,5.70,20.6,3.59
87,-853.0,-775.3,-204.6,79,4.74,20.5,2.80
88,-838.9,-721.6,-174.2,84,5.04,20.5,3.56
89,-835.6,-752.8,-200.6,80,4.80,20.5,6.26
90,-828.0,-759.7,-133.1,82,4.92,20.5,3.78
91,-804.0,-813.7,-195.9,98,5.88,20.7,3.08
92,-817.7,-716.9,-181.5,68,4.08,20.5,3.28
93,-827.6,-800.6,-153.0,108,6.47,20.8,2.71
94,-804.7,-932.6,-188.5,71,4.26,20.6,3.27
95,-815.1,-986.5,-156.3,73,4.38,20.5,4.26
96,-813.0,-829.1,-192.5,106,6.35,20.8,3.08
97,-811.6,-699.7,-154.8,68,4.08,20.6,3.02
98,-808.6,-987.3,-174.4,71,4.26,20.4,3.07
99,-810.3,-846.7,-175.7,90,5.40,20.5,2.91
100,-813.4,-819.6,-156.2,84,5.04,20.5,3.26
101,-808.9,-899.6,-155.7,76,4.56,20.4,2.75
102,-820.5,-977.7,-197.9,78,4.68,20.4,3.07
103,-798.2,-887.1,-187.5,87,5.22,20.4,6.65
104,-833.0,-906.9,-195.9,90,5.40,20.5,3.59
105,-802.5,-1100.8,-202.7,88,5.28,20.5,3.28
106,-806.4,-944.5,-178.2,90,5.40,20.6,3.49
107,-814.1,-838.6,-182.5,81,4.86,20.6,3.07
108,-784.3,-844.3,-190.3,76,4.56,20.5,3.17
109,-810.1,-919.0,-197.8,83,4.98,20.5,3.81
110,-778.7,-779.8,-179.6,76,4.56,20.4,3.54
111,-797.6,-945.2,-174.4,87,5.22,20.4,3.46
112,-557.3,-753.2,-196.7,81,4.86,20.4,4.18
113,-534.6,-323.9,-183.7,80,4.80,20.4,3.47
114,-542.1,-460.1,-194.1,85,5.10,20.4,3.65
115,-518.7,-884.2,-155.3,85,5.10,20.4,3.33
116,-510.6,-370.3,-170.2,90,5.40,20.5,3.53
117,-525.6,-347.2,-123.7,93,5.58,20.6,3.23
118,-518.2,-339.7,-168.3,84,5.04,20.6,3.56
119,-511.2,-568.4,-162.4,69,4.14,20.4,3.75
120,-521.2,-317.5,-183.1,80,4.80,20.4,3.33
121,-511.9,-587.7,-173.7,92,5.52,20.5,3.21
122,-511.8,-343.7,-154.4,73,4.38,20.4,4.22
123,-513.3,-263.5,-181.1,79,4.74,20.3,3.14
124,-511.8,-271.6,-179.7,84,5.04,20.3,4.25
125,-510.2,-290.6,-148.2,73,4.38,20.2,3.80
126,-487.2,-306.3,-167.3,86,5.16,20.2,3.22
127,-491.8,-316.9,-156.4,75,4.50,20.1,3.33
128,-496.6,-331.7,-166.0,102,6.12,20.4,3.57
129,-507.6,-339.5,-157.3,81,4.86,20.3,3.51
130,-474.1,-263.6,-179.0,91,5.46,20.4,3.71
131,-472.1,-303.2,-186.9,77,4.62,20.3,3.20
132,-471.7,-380.9,-172.7,88,5.28,20.4,3.20
133,-369.4,-347.5,-152.4,83,4.98,20.4,2.86
134,-351.0,-239.5,-181.6,75,4.50,20.3,3.30
135,-347.3,-243.5,-100.7,95,5.70,20.4,3.34
136,-343.0,-302.4,-184.9,77,4.62,20.3,3.58
137,-337.4,-329.1,-167.2,89,5.34,20.4,3.17
138,-347.6,-486.9,-181.2,81,4.86,20.4,3.53
139,-331.1,-147.3,-145.3,82,4.92,20.4,3.03
140,-336.3,-194.4,-178.9,94,5.64,20.5,3.09
141,-332.2,-360.8,-163.9,83,4.98,20.5,6.11
142,-341.7,-309.7,-154.8,76,4.56,20.4,3.12
143,-333.8,-244.2,-159.6,88,5.28,20.5,3.14
144,-334.3,-289.6,-160.4,75,4.50,20.4,3.14
145,-331.9,-257.0,-137.1,77,4.62,20.3,3.44
146,-330.6,-329.9,-148.2,79,4.74,20.2,2.97
147,-325.8,-330.5,-171.2,82,4.92,20.2,3.04
148,-323.3,-351.8,-159.5,76,4.56,20.1,2.88
149,-327.4,-243.3,-161.7,82,4.92,20.1,3.43
150,-322.6,-324.8,-148.1,96,5.76,20.3,3.20
151,-314.1,-273.6,-163.5,73,4.38,20.1,2.89
152,-307.6,-311.1,-163.2,80,4.80,20.1,2.91
153,-301.5,-293.9,-161.1,84,5.04,20.1,3.06
154,-319.2,-209.1,-163.9,86,5.16,20.1,3.16
155,-311.2,-235.8,-165.4,79,4.74,20.1,3.15
156,-311.7,-274.3,-165.6,97,5.82,20.2,3.22
157,-308.3,-206.0,-160.6,75,4.50,20.1,2.92
158,-314.9,-324.5,-163.5,84,5.04,20.1,3.21
159,-302.3,-218.7,-151.1,94,5.64,20.3,2.85
160,-303.8,-285.5,-154.7,94,5.64,20.4,2.70
161,-301.6,-261.9,-149.2,78,4.68,20.3,3.00
162,-311.6,-324.8,-164.4,72,4.32,20.2,3.00
163,-312.4,-267.4,-157.7,84,5.04,20.2,3.14
164,-309.1,-271.1,-138.6,86,5.16,20.2,3.09
165,-325.0,-350.6,-152.4,90,5.40,20.3,3.23
166,-320.5,-324.2,-159.2,84,5.04,20.3,3.17
167,-312.8,-289.7,-170.7,70,4.20,20.2,3.11
168,-302.6,-216.5,-162.6,79,4.74,20.1,3.34
169,-306.9,-193.0,-160.7,87,5.22,20.1,3.22
170,-311.3,-339.2,-166.6,97,5.82,20.3,4.14
171,-297.5,-202.9,-159.9,76,4.56,20.2,3.43
172,-314.0,-360.2,-163.7,85,5.10,20.2,3.08
173,-307.2,-223.9,-166.1,88,5.28,20.3,3.38
174,-309.9,-227.0,-163.7,82,4.92,20.3,3.07
175,-301.1,-347.3,-166.8,86,5.16,20.3,3.19
176,-299.9,-307.9,-166.5,69,4.14,20.1,2.92
177,-299.4,-237.0,-156.6,98,5.88,20.3,3.13
178,-305.6,-271.9,-171.3,86,5.16,20.3,3.17
179,-306.0,-260.9,-161.0,83,4.98,20.3,2.80
180,-317.8,-201.3,-169.5,76,4.56,20.2,2.95
181,-313.8,-322.3,-163.8,98,5.88,20.4,2.88
182,-312.8,-200.0,-161.5,82,4.92,20.4,3.08
183,-304.7,-197.1,-168.7,75,4.50,20.3,3.73
184,-318.8,-273.7,-152.4,87,5.22,20.3,3.28
185,-307.6,-247.2,-170.5,75,4.50,20.2,3.34
186,-301.2,-203.1,-174.7,81,4.86,20.2,3.24
187,-312.9,-225.6,-156.9,84,5.04,20.2,2.99
188,-304.5,-198.4,-150.8,76,4.56,20.1,3.05
189,-301.7,-260.9,-74.2,84,5.04,20.1,2.94
190,-302.7,-278.4,-158.2,84,5.04,20.1,3.49
191,-298.3,-189.4,-173.2,90,5.40,20.2,3.08
192,-300.2,-201.1,-157.8,90,5.40,20.3,2.81
193,-305.0,-238.3,-150.5,79,4.74,20.3,3.20
194,-301.3,-206.4,-167.3,83,4.98,20.3,3.04
195,-298.2,-172.8,-166.3,71,4.26,20.1,2.84
196,-309.3,-229.5,-167.9,85,5.10,20.1,3.16
197,-304.5,-199.6,-170.3,90,5.40,20.2,3.16
198,-301.3,-257.7,-160.9,86,5.16,20.2,3.19
199,-314.4,-225.9,-166.6,78,4.68,20.2,3.49
200,-305.9,-272.9,-156.7,71,4.26,20.0,3.17
201,-302.8,-184.5,-172.2,77,4.62,19.9,3.17
202,-313.1,-410.4,-162.5,87,5.22,20.0,3.03
203,-297.5,-446.6,-170.6,93,5.58,20.1,3.20
204,-304.6,-253.4,-174.2,87,5.22,20.1,3.34
205,-312.4,-240.6,-158.1,81,4.86,20.1,3.11
206,-305.2,-279.4,-157.4,70,4.20,19.9,3.62
207,-302.7,-382.4,-169.0,86,5.16,20.0,2.83
208,-302.1,-377.4,-169.0,80,4.80,19.9,3.27
209,-313.0,-194.4,-140.5,70,4.20,19.8,3.87
210,-307.7,-366.3,-163.7,97,5.82,19.9,2.87
211,-300.5,-306.2,-166.3,89,5.34,20.0,3.19
212,-296.4,-289.4,-170.0,67,4.02,19.8,2.89
213,-303.2,-204.7,-130.6,100,6.00,20.0,3.04
214,-306.4,-193.2,-162.9,59,3.54,19.7,3.12
215,-308.5,-197.1,-160.7,94,5.64,19.8,3.21
216,-308.8,-301.2,-151.7,77,4.62,19.8,3.20
217,-300.3,-214.7,-170.1,77,4.62,19.7,3.23
218,-296.6,-179.3,-159.4,81,4.86,19.7,3.23
219,-306.0,-252.4,-164.2,97,5.82,19.8,3.28
220,-308.6,-172.0,-159.5,88,5.28,19.9,3.61
221,-300.1,-326.6,-152.7,83,4.98,19.9,3.17
222,-303.7,-354.4,-154.3,82,4.92,19.9,3.56
223,-305.3,-372.7,-153.3,76,4.56,19.8,3.09
224,-315.7,-210.6,-159.5,74,4.44,19.7,3.71
225,-311.4,-369.5,-164.4,102,6.12,19.9,3.10
226,-311.7,-360.3,-161.2,98,5.88,20.0,3.00
227,-314.8,-375.5,-133.5,73,4.38,19.9,3.28
228,-316.4,-343.7,-153.0,82,4.92,19.9,3.42
229,-322.5,-216.3,-159.5,103,6.18,20.1,3.09
230,-315.6,-323.9,-164.2,77,4.62,20.1,3.13
231,-312.5,-319.8,-149.5,73,4.38,19.9,3.04
232,-303.7,-389.2,-130.5,84,5.04,19.9,3.02
233,-308.2,-293.1,-161.1,82,4.92,19.9,2.99
234,-322.9,-351.3,-145.1,94,5.64,20.1,3.06
235,-310.8,-231.2,-164.2,87,5.22,20.1,3.35
236,-320.3,-211.5,-150.2,95,5.70,20.2,3.32
237,-315.0,-408.9,-163.7,76,4.56,20.1,3.25
238,-315.7,-422.7,-164.4,60,3.60,19.9,3.29
239,-314.7,-384.5,-161.4,75,4.50,19.8,3.13
240,-320.1,-338.5,-154.0,80,4.80,19.7,3.34
241,-316.7,-403.1,-172.0,91,5.46,19.8,3.07
242,-316.5,-318.7,-155.6,80,4.80,19.8,3.33
243,-317.5,-401.3,-164.0,84,5.04,19.8,3.11
244,-322.1,-214.4,-168.7,77,4.62,19.7,3.39
245,-321.1,-192.4,-147.7,90,5.40,19.8,3.57
246,-314.4,-230.0,-162.6,78,4.68,19.7,3.03
247,-318.9,-292.3,-139.4,90,5.40,19.8,3.26
248,-316.9,-251.2,-156.8,90,5.40,19.9,3.28
249,-311.9,-239.8,-155.3,73,4.38,19.8,2.90
250,-327.9,-380.4,-160.5,71,4.26,19.6,3.19
251,-322.4,-336.3,-157.6,90,5.40,19.7,3.12
252,-335.8,-238.6,-118.6,91,5.46,19.8,5.34
253,-327.2,-232.1,-167.9,81,4.86,19.7,3.18
254,-332.7,-312.0,-160.3,93,5.58,19.9,3.57
255,-320.5,-280.2,-172.9,82,4.92,19.8,3.36
256,-328.6,-178.0,-160.5,109,6.53,20.1,3.65
257,-328.1,-393.4,-114.5,73,4.38,20.0,3.41
258,-326.2,-347.5,-131.3,88,5.28,20.1,3.37
259,-328.7,-192.8,-166.1,86,5.16,20.1,3.10
260,-327.0,-209.2,-160.4,97,5.82,20.3,3.36
261,-322.2,-348.4,-166.3,85,5.10,20.3,3.43
262,-328.3,-176.4,-162.6,77,4.62,20.2,3.19
263,-328.2,-364.4,-128.8,79,4.74,20.2,3.01
264,-322.9,-401.5,-157.4,77,4.62,20.1,3.43
265,-328.6,-388.7,-159.0,106,6.35,20.4,3.45
266,-327.2,-471.5,-115.8,72,4.32,20.2,3.66
267,-323.0,-387.2,-162.3,68,4.08,20.0,3.27
268,-330.5,-210.6,-152.4,94,5.64,20.2,3.00
269,-320.2,-311.5,-154.6,85,5.10,20.2,3.22
270,-337.6,-196.3,-160.6,74,4.44,20.1,3.20
271,-325.9,-168.4,-152.0,93,5.58,20.2,3.09
272,-336.0,-279.9,-158.0,81,4.86,20.1,3.29
273,-327.4,-262.5,-158.6,77,4.62,20.1,3.15
274,-325.5,-334.7,-125.7,91,5.46,20.2,3.34
275,-335.7,-178.1,-150.1,87,5.22,20.2,4.08
276,-337.3,-288.5,-135.9,81,4.86,20.2,3.69
277,-326.6,-306.4,-165.3,75,4.50,20.1,3.44
278,-327.3,-294.1,-156.7,88,5.28,20.1,3.23
279,-329.1,-382.7,-155.0,67,4.02,19.9,2.93
280,-330.3,-311.2,-161.7,103,6.18,20.2,3.41
281,-328.5,-328.5,-161.9,86,5.16,20.2,3.51
282,-323.6,-466.7,-161.0,73,4.38,20.1,3.37
283,-338.9,-192.2,-166.1,79,4.74,20.0,4.39
284,-321.5,-291.4,-159.4,87,5.22,20.1,3.18
285,-321.5,-240.8,-129.7,74,4.44,19.9,3.68
286,-333.8,-221.4,-107.0,72,4.32,19.8,3.37
287,-333.1,-411.5,-138.5,90,5.40,19.9,3.28
288,-328.9,-413.3,-160.2,88,5.28,19.9,3.52
289,-336.5,-245.9,-159.8,86,5.16,20.0,3.08
290,-320.3,-304.5,-106.1,66,3.96,19.8,3.29
291,-315.3,-360.8,-155.4,86,5.16,19.8,3.69
292,-318.4,-420.6,-168.9,100,6.00,20.0,3.77
293,-324.6,-325.5,-150.2,75,4.50,19.9,3.58
294,-318.3,-397.2,-106.4,72,4.32,19.8,4.03
295,-311.0,-187.5,-159.4,86,5.16,19.8,3.34
296,-305.4,-277.2,-162.8,83,4.98,19.8,4.61
297,-311.2,-240.7,-162.4,102,6.12,20.0,4.78
298,-300.8,-207.6,-165.9,78,4.68,19.9,3.30
299,-302.3,-463.1,-166.8,88,5.28,20.0,4.22
300,-299.9,-229.0,-159.2,81,4.86,20.0,3.24
301,-298.2,-283.7,-152.0,79,4.74,19.9,3.89
302,-294.3,-205.8,-154.9,89,5.34,20.0,3.60
303,-279.6,-200.3,-157.3,87,5.22,20.0,3.93
304,-297.3,-405.7,-154.4,83,4.98,20.0,3.34
305,-285.5,-223.2,-154.3,85,5.10,20.0,10.07
306,-273.6,-269.0,-132.7,82,4.92,20.0,4.34
307,-273.0,-226.2,-164.4,92,5.52,20.1,3.26
308,-274.6,-371.9,-166.5,69,4.14,20.0,3.45
309,-272.1,-283.8,-153.1,88,5.28,20.0,9.32
310,-274.7,-237.9,-160.1,78,4.68,19.9,4.31
311,-272.4,-209.1,-144.9,78,4.68,19.9,5.54
312,-266.3,-219.7,-135.1,68,4.08,19.7,3.27
313,-274.2,-261.7,-147.1,77,4.62,19.6,6.83
314,-264.0,-244.8,-65.0,80,4.80,19.6,3.17
315,-284.5,-258.4,-102.9,92,5.52,19.7,6.99
316,-272.7,-204.0,-121.0,86,5.16,19.7,4.06
317,-276.6,-238.4,-174.8,84,5.04,19.7,3.26
318,-283.8,-252.4,-175.1,97,5.82,19.9,4.57
319,-273.6,-201.5,-122.8,81,4.86,19.8,5.84
320,-268.2,-222.2,-158.2,83,4.98,19.8,3.81
321,-280.9,-238.7,-173.6,87,5.22,19.9,6.29
322,-274.9,-233.3,-149.0,85,5.10,19.9,3.28
323,-280.4,-261.8,-166.2,83,4.98,19.9,4.13
324,-278.6,-260.7,-182.0,84,5.04,19.9,6.26
325,-285.2,-123.4,-123.4,77,4.62,19.8,3.46
326,-285.9,-266.2,-160.6,84,5.04,19.8,3.20
327,-294.1,-239.9,-153.8,92,5.52,19.9,9.78
328,-292.8,-284.2,-167.4,64,3.84,19.7,3.92
329,-286.2,-220.2,-115.8,81,4.86,19.7,3.59
330,-298.0,-246.9,-186.7,83,4.98,19.7,4.46
331,-302.6,-257.9,-183.3,77,4.62,19.6,3.38
332,-307.4,-231.8,-175.2,74,4.44,19.5,3.55
333,-321.5,-273.4,-156.9,84,5.04,19.5,3.63
334,-314.6,-290.5,-101.5,96,5.76,19.6,9.27
335,-322.4,-259.9,-153.9,89,5.34,19.7,4.84
336,-320.5,-212.0,-135.9,86,5.16,19.7,3.39
337,-347.8,-277.4,-155.8,74,4.44,19.6,9.24
338,-329.0,-344.1,-153.4,86,5.16,19.7,3.14
339,-338.7,-293.9,-175.1,87,5.22,19.7,3.67
340,-340.1,-401.9,-145.1,81,4.86,19.7,5.42
341,-341.3,-355.3,-185.7,96,5.76,19.8,5.45
342,-356.1,-265.2,-156.4,83,4.98,19.8,6.16
343,-364.9,-521.5,-170.1,84,5.04,19.8,6.18
344,-364.4,-264.9,-171.7,79,4.74,19.8,9.42
345,-367.3,-419.1,-117.2,73,4.38,19.7,3.33
346,-358.0,-385.3,-119.6,84,5.04,19.7,3.34
347,-374.6,-388.1,-147.9,103,6.18,19.9,9.33
348,-374.0,-628.4,-141.2,92,5.52,20.0,3.67
349,-366.0,-529.0,-159.4,72,4.32,19.9,5.09
350,-379.6,-253.5,-169.6,86,5.16,19.9,3.33
351,-371.0,-463.5,-171.7,101,6.06,20.1,3.35
352,-386.5,-428.9,-174.0,67,4.02,19.9,3.56
353,-381.1,-295.9,-129.9,95,5.70,20.0,3.28
354,-371.9,-266.1,-136.7,85,5.10,20.1,3.25
355,-382.1,-303.9,-156.7,77,4.62,20.0,3.34
356,-388.6,-400.2,-119.4,74,4.44,19.9,5.93
357,-383.2,-235.6,-151.4,73,4.38,19.7,3.35
358,-380.7,-492.9,-173.5,86,5.16,19.8,4.44
359,-378.1,-356.1,-109.4,100,6.00,20.0,3.42
360,-382.9,-320.4,-107.5,84,5.04,20.0,3.86
361,-397.3,-209.0,-135.7,86,5.16,20.0,4.32
362,-384.4,-216.2,-155.1,74,4.44,19.9,4.50
363,-400.7,-380.0,-167.1,99,5.94,20.1,3.39
364,-400.5,-356.2,-146.2,66,3.96,19.9,3.11
365,-386.9,-362.0,-104.1,91,5.46,20.0,3.26
366,-408.3,-309.1,-126.4,65,3.90,19.7,3.93
367,-405.9,-393.3,-149.6,82,4.92,19.7,3.17
368,-389.1,-478.9,-136.6,83,4.98,19.7,4.05
369,-407.6,-600.4,-112.8,74,4.44,19.6,3.69
370,-402.5,-433.9,-123.2,88,5.28,19.7,3.57
371,-403.4,-294.2,-149.9,102,6.12,19.9,4.03
372,-380.9,-186.2,-166.1,78,4.68,19.8,3.62
373,-398.1,-259.3,-131.9,73,4.38,19.7,3.74
374,-388.2,-296.5,-133.1,82,4.92,19.7,3.83
375,-398.3,-409.8,-125.4,79,4.74,19.6,4.36
376,-398.1,-206.2,-138.8,84,5.04,19.6,3.72
377,-381.8,-435.2,-109.9,90,5.40,19.7,3.65
378,-389.8,-435.3,-146.9,73,4.38,19.6,3.52
379,-377.0,-465.8,-109.9,107,6.41,19.9,3.48
380,-386.5,-450.0,-110.1,81,4.86,19.8,3.63
381,-384.5,-326.0,-131.4,87,5.22,19.9,3.43
382,-380.4,-212.0,-62.0,86,5.16,19.9,3.87
383,-374.1,-296.0,-124.9,69,4.14,19.7,3.56
384,-385.1,-390.9,-38.7,82,4.92,19.7,3.36
385,-378.2,-246.1,-113.3,105,6.29,20.0,3.65
386,-376.7,-231.5,-137.7,80,4.80,19.9,3.54
387,-394.5,-555.7,-79.0,82,4.92,19.9,3.63
388,-375.5,-452.9,-64.7,81,4.86,19.9,3.66
389,-396.6,-437.0,-60.4,80,4.80,19.9,3.91
390,-421.1,-479.5,-111.4,89,5.34,19.9,4.29
391,-405.9,-405.2,-56.9,74,4.44,19.8,4.72
392,-405.3,-576.2,-58.6,74,4.44,19.7,3.91
393,-430.8,-419.3,-93.1,76,4.56,19.6,4.34
394,-429.4,-504.3,-85.6,82,4.92,19.6,4.14
395,-426.4,-604.3,-61.8,80,4.80,19.6,4.05
396,-451.3,-749.4,-85.2,95,5.70,19.7,7.25
397,-451.7,-175.3,-79.7,72,4.32,19.6,4.66
398,-463.4,-529.7,-74.4,84,5.04,19.6,3.72
399,-484.7,-112.8,-112.8,78,4.68,19.5,6.93
400,-483.0,-497.8,-113.0,80,4.80,19.5,4.23
401,-498.4,-571.2,-84.9,86,5.16,19.5,5.04
402,-504.4,-570.0,-46.2,78,4.68,19.4,7.29
403,-519.2,-474.3,-109.0,83,4.98,19.4,3.81
404,-507.5,-494.1,-88.9,88,5.28,19.5,7.18
405,-534.0,-497.3,-82.1,82,4.92,19.5,4.07
406,-463.4,-432.1,-95.2,88,5.28,19.5,4.25
407,-462.9,-207.4,4.4,98,5.88,19.7,5.07
408,-443.6,-135.8,-87.2,95,5.70,19.8,3.76
409,-432.2,-251.2,-42.5,72,4.32,19.7,3.98
410,-441.9,-664.8,-123.0,80,4.80,19.6,3.78
411,-434.5,-183.4,-113.5,98,5.88,19.8,3.90
412,-427.4,-399.4,-33.3,92,5.52,19.9,3.72
413,-421.6,-323.9,-47.9,82,4.92,19.9,3.72
414,-408.9,-397.5,-58.9,92,5.52,20.0,3.56
415,-409.2,-758.0,-93.6,80,4.80,20.0,3.68
416,-416.3,-259.8,-35.1,84,5.04,20.0,4.00
417,-405.6,-391.7,-66.4,101,6.06,20.2,4.31
418,-392.2,-347.2,-89.4,94,5.64,20.3,4.22
419,-381.6,-256.5,-116.6,89,5.34,20.4,4.75
420,-385.8,-339.7,-81.4,71,4.26,20.2,5.56
421,-393.0,-210.1,-117.4,65,3.90,20.0,4.13
422,-391.4,-205.9,-92.4,82,4.92,20.0,6.19
423,-391.5,-450.2,-111.7,86,5.16,20.0,6.44
424,-411.0,-358.5,-73.1,81,4.86,20.0,7.53
425,-401.0,-297.4,-90.5,87,5.22,20.0,3.58
426,-416.0,-429.4,-73.3,83,4.98,20.0,5.23
427,-408.9,-379.4,-79.3,100,6.00,20.2,4.18
428,-414.7,-390.5,-62.5,72,4.32,20.1,3.77
429,-403.6,-408.0,-40.0,76,4.56,20.0,5.04
430,-416.8,-361.4,-27.1,83,4.98,20.0,4.56
431,-417.2,-260.4,-32.1,102,6.12,20.2,5.28
432,-406.7,-234.5,-46.5,81,4.86,20.2,4.16
433,-426.0,-366.3,17.8,81,4.86,20.2,5.59
434,-428.0,-263.9,-73.4,80,4.80,20.1,9.58
435,-428.2,-638.7,-48.4,78,4.68,20.0,5.15
436,-440.6,-404.6,-79.3,80,4.80,20.0,4.89
437,-436.6,-279.3,-74.8,81,4.86,20.0,4.01
438,-446.8,-549.2,-70.8,67,4.02,19.8,6.03
439,-454.1,-504.0,-59.3,91,5.46,19.9,4.73
440,-433.2,-543.3,-48.5,87,5.22,19.9,4.37
441,-441.4,-115.6,-50.0,86,5.16,19.9,4.35
442,-433.0,-683.9,-56.4,85,5.10,20.0,4.07
443,-445.7,-195.2,-95.6,80,4.80,19.9,5.59
444,-437.2,-325.2,-59.8,77,4.62,19.8,3.64
445,-451.2,-313.9,-90.7,78,4.68,19.8,4.23
446,-424.0,-214.3,-78.3,73,4.38,19.7,6.77
447,-425.7,-251.5,-56.5,73,4.38,19.5,6.77
448,-429.8,-351.0,5.5,109,6.53,19.8,4.32
449,-417.0,-105.5,-63.7,90,5.40,19.9,5.03
450,-420.3,-418.5,-46.2,76,4.56,19.8,5.71
451,-408.0,-146.4,50.1,90,5.40,19.9,7.51
452,-424.7,-236.5,-1.2,96,5.76,20.1,6.83
453,-413.8,-202.7,-62.5,88,5.28,20.1,7.93
454,-409.5,-235.5,-32.9,70,4.20,20.0,8.08
455,-422.3,-755.4,-89.0,93,5.58,20.1,7.07
456,-401.8,-744.1,-50.1,70,4.20,19.9,5.35
457,-404.6,-67.3,-35.3,85,5.10,19.9,5.63
458,-388.5,-291.5,-33.9,87,5.22,20.0,5.68
459,-387.6,-131.0,-59.1,92,5.52,20.1,4.54
460,-384.5,-320.0,-7.5,71,4.26,19.9,6.46
461,-379.7,-295.2,-50.5,100,6.00,20.1,5.86
462,-380.6,-329.1,-48.3,69,4.14,19.9,9.57
463,-397.3,-272.1,-48.7,95,5.70,20.1,5.50
464,-382.9,-340.5,-43.5,87,5.22,20.1,4.69
465,-372.3,-336.0,-36.4,77,4.62,20.1,5.67
466,-382.0,-338.5,-32.6,94,5.64,20.2,5.35
467,-390.1,-308.1,-8.8,79,4.74,20.1,5.39
468,-401.9,-302.8,-36.3,100,6.00,20.3,6.33
469,-394.1,-137.4,-20.6,82,4.92,20.3,4.95
470,-389.5,-305.6,-56.4,67,4.02,20.1,6.29
471,-386.0,-561.0,-18.2,104,6.24,20.4,5.27
472,-396.6,-205.6,-18.2,59,3.54,20.1,8.48
473,-382.6,-271.1,-41.8,97,5.82,20.2,5.57
474,-409.6,-264.4,-28.2,68,4.08,20.0,5.21
475,-409.5,-352.8,-25.2,74,4.44,19.9,5.10
476,-418.1,-763.7,-97.6,81,4.86,19.9,7.44
477,-432.7,-346.4,-27.2,78,4.68,19.8,7.15
478,-426.1,-601.6,-64.8,80,4.80,19.8,5.41
479,-454.4,-293.2,-77.2,94,5.64,19.9,5.82
480,-447.0,-329.2,-107.5,72,4.32,19.8,7.43
481,-460.4,-304.8,-75.3,99,5.94,20.0,9.75
482,-475.0,-269.5,-108.9,87,5.22,20.0,4.75
483,-479.7,-826.3,-107.6,86,5.16,20.0,7.40
484,-505.8,-211.7,-67.4,84,5.04,20.0,5.68
485,-525.9,-172.5,-87.7,84,5.04,20.1,4.77
486,-499.1,-393.4,-134.7,78,4.68,20.0,5.84
487,-524.5,-213.0,-101.2,83,4.98,20.0,4.34
488,-564.9,-291.9,-122.3,89,5.34,20.1,9.61
489,-565.5,-369.6,-109.6,87,5.22,20.1,9.70
490,-575.7,-963.6,34.2,63,3.78,19.8,7.21
491,-561.9,-131.8,-76.1,96,5.76,20.0,6.68
492,-572.4,-346.2,-79.8,81,4.86,20.0,5.59
493,-559.4,-686.8,-58.8,79,4.74,19.9,6.58
494,-554.4,-413.6,-43.3,92,5.52,20.0,4.60
495,-606.6,-403.1,-58.3,89,5.34,20.1,3.91
496,-586.3,-717.1,-60.9,76,4.56,20.0,9.59
497,-609.4,-698.7,-64.1,73,4.38,19.9,9.63
498,-577.8,-481.4,-43.0,107,6.41,20.2,7.23
499,-575.7,-419.8,-62.6,84,5.04,20.2,9.45
500,-607.7,-814.8,-20.9,67,4.02,20.0,5.94
501,-599.0,-446.4,-88.9,87,5.22,20.0,3.82
502,-592.9,-400.6,-129.1,85,5.10,20.0,6.71
503,-636.2,-697.5,-6.4,87,5.22,20.1,5.52
504,-613.3,-431.7,-126.7,75,4.50,20.0,7.66
505,-586.7,-795.5,-143.0,95,5.70,20.1,5.07
506,-574.2,-857.1,-141.1,87,5.22,20.1,4.00
507,-568.8,-464.2,-123.9,92,5.52,20.3,3.89
508,-563.3,-713.0,-132.9,82,4.92,20.2,6.72
509,-541.1,-302.2,-108.0,85,5.10,20.3,5.31
510,-548.6,-294.4,-120.7,76,4.56,20.2,6.32
511,-525.2,-262.3,-125.9,79,4.74,20.1,10.32
512,-515.6,-791.5,-113.7,85,5.10,20.1,4.49
513,-540.2,-231.8,-116.7,91,5.46,20.2,3.80
514,-554.6,-684.1,-124.9,84,5.04,20.2,3.91
515,-486.2,-705.2,-122.3,78,4.68,20.2,3.65
516,-509.4,-308.5,-105.2,76,4.56,20.1,4.23
517,-512.7,-347.6,-100.6,85,5.10,20.1,3.50
518,-495.5,-775.7,-130.4,81,4.86,20.1,3.85
519,-519.2,-287.4,-110.1,93,5.58,20.2,4.07
520,-531.6,-257.0,-129.0,85,5.10,20.2,3.59
521,-513.4,-380.7,-116.9,69,4.14,20.0,7.59
522,-538.3,-321.9,-106.5,79,4.74,20.0,4.04
523,-525.1,-180.6,-93.3,82,4.92,20.0,3.73
524,-545.8,-347.7,-116.3,78,4.68,19.9,9.45
525,-551.6,-559.8,-99.1,104,6.24,20.1,4.05
526,-562.7,-632.7,-104.3,74,4.44,20.0,4.13
527,-565.5,-554.4,-94.8,82,4.92,20.0,4.03
528,-576.9,-132.6,-121.8,82,4.92,20.0,3.78
529,-594.9,-359.2,-121.7,87,5.22,20.0,3.67
530,-556.6,-648.4,-113.6,95,5.70,20.2,4.28
531,-582.6,-694.4,-113.5,56,3.36,19.8,3.66
532,-605.6,-695.2,-128.1,95,5.70,20.0,10.21
533,-605.0,-691.8,-138.3,90,5.40,20.1,5.51
534,-602.9,-368.8,-114.4,75,4.50,20.0,4.65
535,-568.1,-292.3,-98.9,72,4.32,19.8,4.71
536,-585.4,-669.4,-117.6,93,5.58,19.9,3.65
537,-578.3,-350.3,-119.5,94,5.64,20.1,4.02
538,-562.4,-333.0,-89.9,93,5.58,20.2,3.92
539,-563.4,-358.6,-134.8,95,5.70,20.3,3.67
540,-554.9,-403.2,-127.4,74,4.44,20.2,3.70
541,-503.1,-183.3,-110.4,86,5.16,20.2,3.63
542,-414.5,-268.4,-152.2,83,4.98,20.2,3.95
543,-428.6,-250.3,-141.5,77,4.62,20.2,3.51
544,-424.2,-278.1,-151.4,93,5.58,20.3,3.62
545,-396.7,-188.5,-137.3,84,5.04,20.3,4.23
546,-388.6,-245.8,-118.3,75,4.50,20.2,3.57
547,-393.3,-263.5,-115.7,91,5.46,20.3,3.78
548,-373.0,-220.3,-122.5,73,4.38,20.1,3.66
549,-368.3,-287.3,-138.5,84,5.04,20.1,4.47
550,-398.3,-253.8,-123.7,89,5.34,20.2,3.68
551,-379.5,-196.0,-136.4,76,4.56,20.1,3.68
552,-373.3,-308.6,-130.9,81,4.86,20.1,3.80
553,-391.6,-226.3,-134.5,83,4.98,20.1,4.25
554,-393.2,-183.4,-128.5,99,5.94,20.3,3.88
555,-363.6,-252.2,-116.4,84,5.04,20.3,5.08
556,-391.0,-295.8,-93.3,84,5.04,20.3,3.73
557,-366.6,-346.9,-110.1,86,5.16,20.3,4.63
558,-373.8,-245.8,-125.5,83,4.98,20.3,4.87
559,-369.6,-300.0,-131.0,71,4.26,20.2,4.32
560,-396.0,-365.6,-131.6,88,5.28,20.2,4.82
561,-391.6,-342.0,-122.3,91,5.46,20.3,4.15
562,-395.7,-321.9,-111.8,89,5.34,20.4,3.59
563,-410.8,-282.4,-133.0,85,5.10,20.4,4.16
564,-400.6,-236.1,-125.5,77,4.62,20.3,6.21
565,-427.1,-279.7,-115.5,74,4.44,20.2,6.54
566,-438.0,-267.2,-128.9,87,5.22,20.3,5.56
567,-421.3,-301.3,-114.2,65,3.90,20.0,6.86
568,-427.5,-223.7,-127.4,75,4.50,19.9,4.76
569,-441.0,-305.7,-128.9,78,4.68,19.9,4.04
570,-457.9,-283.4,-125.6,70,4.20,19.7,9.45
571,-486.1,-519.5,-97.0,83,4.98,19.7,3.91
572,-470.5,-240.7,-122.3,102,6.12,19.9,9.31
573,-502.2,-288.4,-117.3,82,4.92,19.9,9.39
574,-511.8,-250.0,-142.7,83,4.98,19.9,9.46
575,-508.4,-291.3,-102.5,93,5.58,20.0,9.48
576,-507.2,-309.5,-113.4,81,4.86,20.0,6.05
577,-534.1,-566.8,-100.4,78,4.68,19.9,8.33
578,-549.6,-623.4,-77.4,82,4.92,19.9,9.45
579,-539.7,-616.4,-63.9,85,5.10,19.9,9.57
580,-566.1,-377.4,7.0,70,4.20,19.8,9.63
581,-584.9,-371.6,-82.5,86,5.16,19.8,9.37
582,-582.2,-444.9,3.5,84,5.04,19.8,9.70
583,-555.5,-188.6,-82.7,75,4.50,19.7,10.53
584,-564.4,-324.3,-63.3,88,5.28,19.8,8.44
585,-583.4,-656.2,-46.3,87,5.22,19.8,10.42
586,-548.2,-368.6,89.4,112,6.71,20.1,9.57
587,-556.4,-417.0,-64.9,71,4.26,20.0,9.49
588,-564.0,-626.6,-54.6,76,4.56,19.9,9.66
589,-538.7,-547.8,-60.6,72,4.32,19.8,9.67
590,-519.5,-374.5,-43.1,90,5.40,19.8,9.70
591,-537.4,-176.4,-78.9,107,6.41,20.1,10.42
592,-491.8,-756.3,-47.4,89,5.34,20.2,9.41
593,-471.5,-330.0,-55.1,77,4.62,20.1,9.61
594,-465.2,-808.4,-24.3,67,4.02,19.9,9.77
595,-389.1,-433.5,-24.9,78,4.68,19.9,10.60
596,-402.2,-192.8,-73.3,93,5.58,20.0,8.89
597,-392.3,-410.6,-50.0,91,5.46,20.1,10.49
598,-398.8,-241.8,-26.1,70,4.20,19.9,9.64
599,-412.5,-202.2,-74.7,86,5.16,19.9,9.62
600,-392.4,-329.9,23.0,74,4.44,19.8,8.55
601,-403.9,-217.4,17.9,83,4.98,19.8,8.21
602,-427.5,-528.7,-70.3,86,5.16,19.8,5.12
603,-444.5,-172.0,-64.8,84,5.04,19.8,9.72
604,-467.5,-286.0,-96.9,71,4.26,19.7,9.76
605,-459.8,-156.6,-77.4,91,5.46,19.8,6.65
606,-469.8,-166.7,-88.4,95,5.70,19.9,4.49
607,-449.8,-127.5,-90.2,79,4.74,19.9,6.90
608,-449.5,-414.8,-87.6,97,5.82,20.0,10.49
609,-463.8,-440.2,-61.2,86,5.16,20.1,9.63
610,-437.1,-337.2,65.4,85,5.10,20.1,8.24
611,-474.2,-434.6,-109.0,76,4.56,20.0,6.06
612,-468.8,-362.0,-94.6,89,5.34,20.1,4.58
613,-496.3,-218.8,-118.1,80,4.80,20.0,5.60
614,-462.7,-368.2,-88.7,70,4.20,19.9,4.34
615,-475.8,-367.4,-105.3,79,4.74,19.8,4.97
616,-472.4,-500.5,-117.6,75,4.50,19.7,4.30
617,-497.8,-518.6,-135.7,104,6.24,20.0,4.62
618,-521.5,-477.6,-122.8,98,5.88,20.1,4.94
619,-503.6,-443.7,-142.0,71,4.26,20.0,5.39
620,-507.3,-500.8,-110.0,69,4.14,19.8,4.33
621,-494.5,-520.2,-127.4,125,7.49,20.3,4.07
622,-500.9,-467.5,-117.8,78,4.68,20.2,4.29
623,-501.3,-362.6,-144.8,67,4.02,20.0,4.37
624,-516.2,-384.3,-142.3,80,4.80,20.0,4.76
625,-505.3,-388.1,-138.6,88,5.28,20.1,4.20
626,-506.5,-317.6,-122.1,77,4.62,20.0,4.82
627,-510.1,-320.0,-146.4,96,5.76,20.1,4.87
628,-509.6,-386.4,-158.1,79,4.74,20.1,4.51
629,-492.3,-451.2,-166.0,85,5.10,20.1,6.06
630,-522.8,-295.3,-102.1,77,4.62,20.0,3.94
631,-496.2,-457.3,-151.3,80,4.80,20.0,4.77
632,-475.7,-272.6,-138.0,80,4.80,19.9,4.20
633,-522.5,-346.6,-164.4,93,5.58,20.0,4.18
634,-494.8,-500.9,-137.3,73,4.38,19.9,4.37
635,-493.5,-304.5,-144.9,76,4.56,19.8,4.13
636,-482.8,-505.9,-140.6,92,5.52,19.9,3.76
637,-469.5,-463.8,-127.7,97,5.82,20.1,4.08
638,-467.8,-370.5,-142.7,80,4.80,20.1,4.11
639,-455.9,-288.0,-142.2,98,5.88,20.2,4.59
640,-445.5,-487.8,-139.5,66,3.96,20.0,3.81
641,-476.6,-385.1,-149.9,70,4.20,19.9,4.23
642,-500.5,-551.7,-144.0,89,5.34,19.9,6.62
643,-460.8,-511.9,-110.9,84,5.04,19.9,3.66
644,-474.2,-483.2,-147.9,82,4.92,19.9,3.93
645,-483.5,-641.9,-156.7,88,5.28,20.0,4.09
646,-500.0,-580.0,-110.5,107,6.41,20.3,3.87
647,-490.4,-246.1,-111.5,71,4.26,20.1,4.51
648,-487.1,-460.0,-100.0,82,4.92,20.1,3.94
649,-517.1,-511.5,-154.7,85,5.10,20.1,4.54
650,-504.4,-520.0,-90.0,88,5.28,20.2,4.43
651,-520.8,-265.0,-141.6,101,6.06,20.4,5.49
652,-573.9,-514.1,-99.4,73,4.38,20.2,3.82
653,-543.7,-661.1,-152.7,76,4.56,20.2,3.88
654,-548.4,-619.6,-175.4,84,5.04,20.2,3.66
655,-543.4,-255.6,-158.3,82,4.92,20.1,3.71
656,-559.5,-580.1,-150.6,70,4.20,20.0,4.59
657,-572.8,-538.7,-93.0,101,6.06,20.2,4.63
658,-551.4,-305.2,-149.8,84,5.04,20.2,5.20
659,-566.3,-471.5,-138.6,77,4.62,20.1,4.24
660,-556.6,-527.3,-112.4,78,4.68,20.1,4.30
661,-544.6,-321.5,-105.4,85,5.10,20.1,3.90
662,-571.7,-624.7,-11.7,85,5.10,20.1,4.31
663,-579.5,-236.2,-155.6,87,5.22,20.1,4.56
664,-547.2,-243.7,-152.9,67,4.02,19.9,3.94
665,-546.3,-694.3,-107.6,82,4.92,19.9,4.73
666,-568.1,-586.4,-52.4,82,4.92,19.9,5.88
667,-568.2,-209.0,-109.8,90,5.40,20.0,4.52
668,-587.7,-208.6,-145.6,92,5.52,20.1,5.55
669,-566.6,-366.4,-89.5,82,4.92,20.1,5.15
670,-549.1,-138.5,-72.3,84,5.04,20.1,6.29
671,-572.4,-469.3,-95.6,82,4.92,20.1,6.02
672,-581.9,-256.7,-131.1,95,5.70,20.2,6.78
673,-591.2,-475.7,-121.1,86,5.16,20.2,9.65
674,-560.9,-396.3,-102.2,80,4.80,20.2,6.03
675,-582.1,-532.7,-72.4,79,4.74,20.1,7.45
676,-563.6,-310.6,-77.2,92,5.52,20.2,5.77
677,-566.5,-469.2,-2.9,73,4.38,20.1,7.11
678,-550.6,-386.4,-50.7,93,5.58,20.2,6.23
679,-580.4,-405.8,-129.0,90,5.40,20.3,9.33
680,-579.3,-219.0,-81.0,74,4.44,20.2,5.85
681,-587.6,-298.1,-90.7,82,4.92,20.2,6.61
682,-592.4,-466.9,-50.3,66,3.96,20.0,6.04
683,-615.9,-412.4,3.5,111,6.65,20.3,6.68
684,-621.5,-335.2,-49.8,71,4.26,20.2,6.90
685,-621.5,-353.1,-66.8,79,4.74,20.1,6.70
686,-634.7,-636.7,-56.8,93,5.58,20.2,7.87
687,-644.4,-708.7,-86.2,80,4.80,20.2,9.12
688,-641.8,-302.4,-118.7,85,5.10,20.2,6.44
689,-647.5,-440.9,-57.6,75,4.50,20.1,8.29
690,-641.6,-306.9,-131.8,83,4.98,20.1,6.28
691,-647.4,-630.8,-88.8,87,5.22,20.1,5.62
692,-652.5,-465.9,-142.8,74,4.44,20.0,5.88
693,-703.3,-424.8,42.7,88,5.28,20.1,5.68
694,-661.4,-932.4,-74.3,74,4.44,20.0,5.05
695,-666.3,-350.4,-96.3,73,4.38,19.8,5.79
696,-681.3,-683.5,-119.7,99,5.94,20.0,4.79
697,-719.0,-803.2,-147.6,75,4.50,19.9,7.33
698,-695.7,-813.4,-119.7,103,6.18,20.2,4.20
699,-724.1,-869.9,-105.1,76,4.56,20.1,4.01
700,-711.8,-486.1,-144.3,105,6.29,20.3,4.66
701,-685.9,-861.4,-88.4,74,4.44,20.2,4.11
702,-685.6,-697.4,-94.1,82,4.92,20.2,5.31
703,-662.5,-573.1,-58.7,76,4.56,20.1,5.58
704,-673.5,-454.9,-115.9,73,4.38,20.0,6.82
705,-677.7,-632.1,-85.7,88,5.28,20.0,6.41
706,-662.4,-439.6,-135.9,75,4.50,19.9,5.21
707,-667.5,-680.9,-145.4,88,5.28,20.0,4.67
708,-677.4,-424.6,-117.0,70,4.20,19.8,4.18
709,-634.6,-663.7,-164.8,90,5.40,19.9,4.09
710,-668.6,-382.2,-137.6,87,5.22,20.0,5.14
711,-662.7,-288.3,-130.2,89,5.34,20.0,4.53
712,-697.2,-527.0,-94.9,70,4.20,19.9,5.41
713,-655.5,-469.3,-82.0,88,5.28,19.9,5.15
714,-634.7,-461.1,-131.1,80,4.80,19.9,7.50
715,-640.9,-490.0,-121.5,94,5.64,20.0,9.44
716,-631.8,-551.6,-146.6,61,3.66,19.7,5.07
717,-623.8,-2394.6,-104.7,68,4.08,19.5,4.89
718,-612.3,-462.1,-140.0,91,5.46,19.6,4.85
719,-607.9,-391.8,-160.3,84,5.04,19.6,6.19
720,-596.9,-417.4,-113.9,87,5.22,19.7,4.63
721,-585.8,-353.7,-159.5,85,5.10,19.7,3.99
722,-569.8,-358.0,-166.3,86,5.16,19.7,4.21
723,-550.4,-447.1,-160.0,81,4.86,19.7,4.44
724,-566.3,-366.1,-157.5,80,4.80,19.7,4.82
725,-565.7,-535.3,-132.0,79,4.74,19.6,4.11
726,-593.0,-456.4,-143.8,81,4.86,19.6,4.75
727,-571.7,-490.5,-60.9,93,5.58,19.7,5.53
728,-612.9,-271.7,-176.8,83,4.98,19.7,7.05
729,-592.3,-576.7,-71.6,85,5.10,19.7,5.22
730,-631.1,-712.4,-174.9,84,5.04,19.7,9.47
731,-642.3,-488.9,-178.1,83,4.98,19.7,4.41
732,-657.1,-641.1,-137.2,86,5.16,19.7,4.40
733,-657.2,-674.8,-175.6,84,5.04,19.8,7.63
734,-711.9,-661.4,-199.8,83,4.98,19.7,4.37
735,-685.6,-666.8,-187.1,99,5.94,19.9,4.00
736,-699.7,-604.3,-230.3,79,4.74,19.9,4.81
737,-687.7,-594.3,-162.8,82,4.92,19.9,4.22
738,-691.2,-520.6,-210.9,92,5.52,20.0,7.25
739,-682.1,-468.9,-206.4,90,5.40,20.0,3.88
740,-705.2,-476.3,-92.3,92,5.52,20.1,4.58
741,-693.9,-541.8,-220.9,73,4.38,20.0,9.54
742,-698.7,-495.0,-236.4,76,4.56,19.9,8.12
743,-689.2,-738.0,-103.6,101,6.06,20.1,4.50
744,-682.1,-663.2,-184.8,86,5.16,20.2,5.20
745,-694.6,-897.5,-162.5,83,4.98,20.2,4.79
746,-699.2,-506.0,-182.2,76,4.56,20.1,9.54
747,-660.3,-538.4,-138.8,72,4.32,19.9,4.26
748,-660.1,-754.7,-141.5,105,6.29,20.2,4.21
749,-688.5,-613.0,-131.9,69,4.14,20.0,4.41
750,-670.6,-724.4,-119.8,72,4.32,19.9,7.96
751,-640.2,-705.9,-124.0,68,4.08,19.7,5.23
752,-664.0,-521.2,-102.1,92,5.52,19.8,9.52
753,-668.0,-608.2,-105.3,81,4.86,19.8,9.51
754,-662.3,-729.5,-101.8,90,5.40,19.9,5.30
755,-665.8,-451.0,-123.8,92,5.52,20.0,9.67
756,-684.2,-679.5,-29.6,74,4.44,19.8,9.56
757,-696.1,-434.6,-101.8,85,5.10,19.9,9.49
758,-698.2,-794.9,-114.3,82,4.92,19.9,9.51
759,-714.8,-511.8,-74.9,73,4.38,19.7,9.37
760,-712.0,-913.6,-86.4,91,5.46,19.8,10.40
761,-723.1,-505.0,-143.9,75,4.50,19.7,6.40
762,-743.3,-407.7,-109.7,78,4.68,19.7,9.50
763,-669.1,-419.3,-16.8,92,5.52,19.8,5.10
764,-676.0,-380.1,-169.3,75,4.50,19.7,4.56
765,-607.6,-950.6,-27.0,80,4.80,19.6,9.36
766,-617.1,-292.1,-35.8,93,5.58,19.7,8.00
767,-618.1,-767.1,-211.9,85,5.10,19.7,9.57
768,-604.8,-330.7,-163.1,94,5.64,19.9,4.42
769,-581.2,-695.7,-171.1,89,5.34,19.9,5.84
770,-627.8,-385.7,-179.8,75,4.50,19.8,9.36
771,-596.0,-402.2,-159.1,88,5.28,19.9,9.52
772,-600.9,-436.7,-70.7,95,5.70,20.0,7.49
773,-576.5,-718.4,-209.9,81,4.86,20.0,4.75
774,-551.1,-560.0,-177.9,80,4.80,20.0,4.68
775,-547.7,-405.6,-203.4,94,5.64,20.1,9.68
776,-526.2,-316.2,-196.2,68,4.08,19.9,6.84
777,-502.8,-237.8,-211.3,78,4.68,19.8,4.02
778,-490.3,-353.5,-205.2,82,4.92,19.8,4.35
779,-490.7,-461.8,-197.2,79,4.74,19.8,4.98
780,-488.2,-522.8,-176.9,81,4.86,19.7,9.29
781,-477.4,-284.7,-166.4,72,4.32,19.6,4.71
782,-471.9,-245.3,-200.2,97,5.82,19.8,9.24
783,-452.4,-511.5,-168.4,82,4.92,19.7,4.02
784,-457.6,-655.9,-154.8,70,4.20,19.6,5.53
785,-444.2,-272.3,-178.2,93,5.58,19.7,5.46
786,-439.6,-385.9,-187.8,83,4.98,19.7,3.98
787,-417.9,-278.3,-140.5,77,4.62,19.6,4.00
788,-432.3,-326.2,-183.8,101,6.06,19.8,9.29
789,-413.2,-422.0,-178.9,76,4.56,19.7,4.23
790,-406.7,-220.6,-205.9,72,4.32,19.6,4.88
791,-420.7,-284.4,-199.0,94,5.64,19.7,4.63
792,-415.2,-296.1,-149.3,83,4.98,19.7,5.06
793,-422.6,-330.6,-203.1,78,4.68,19.7,4.75
794,-409.2,-321.8,-211.9,105,6.29,19.9,4.34
795,-410.9,-654.7,-207.4,97,5.82,20.1,7.48
796,-406.9,-458.2,-219.0,80,4.80,20.0,3.90
797,-411.0,-311.0,-133.0,88,5.28,20.1,4.31
798,-412.1,-402.2,-179.2,80,4.80,20.1,4.01
799,-420.8,-385.2,-175.1,75,4.50,20.0,3.98
800,-412.9,-389.3,-125.7,73,4.38,19.8,4.07
801,-421.9,-301.9,-155.7,93,5.58,19.9,3.75
802,-405.6,-315.3,-165.5,92,5.52,20.0,4.26
803,-404.1,-245.3,-136.6,72,4.32,19.9,6.48
804,-397.4,-394.5,-110.7,88,5.28,20.0,4.93
805,-415.9,-278.6,-154.3,71,4.26,19.8,4.20
806,-400.0,-536.6,-146.5,92,5.52,19.9,4.98
807,-397.8,-269.8,-123.0,73,4.38,19.8,3.91
808,-413.3,-505.1,-70.3,71,4.26,19.6,4.34
809,-416.7,-303.7,-154.7,88,5.28,19.7,3.90
810,-448.7,-536.8,-106.4,76,4.56,19.6,5.48
811,-435.2,-971.7,-63.6,79,4.74,19.6,4.06
812,-455.2,-468.9,-112.6,87,5.22,19.6,3.90
813,-461.9,-416.9,-136.0,79,4.74,19.6,4.18
814,-481.6,-258.9,-145.3,92,5.52,19.7,4.46
815,-493.3,-486.9,-90.3,76,4.56,19.6,9.19
816,-481.2,-360.9,-32.6,91,5.46,19.7,3.79
817,-509.8,-237.4,-30.4,79,4.74,19.6,4.96
818,-516.5,-366.3,-65.0,87,5.22,19.6,4.56
819,-527.7,-292.7,-102.8,92,5.52,19.7,4.32
820,-530.0,-453.3,-94.3,68,4.08,19.6,5.08
821,-536.2,-458.3,-74.2,100,6.00,19.8,3.94
822,-558.3,-235.6,-165.2,84,5.04,19.8,4.40
823,-557.8,-973.2,-70.6,88,5.28,19.8,5.90
824,-536.6,-621.7,-101.9,72,4.32,19.7,5.68
825,-530.6,-486.9,-135.5,88,5.28,19.7,6.67
826,-523.0,-513.8,-116.2,85,5.10,19.8,4.65
827,-511.2,-778.5,-159.3,82,4.92,19.7,9.51
828,-506.4,-358.0,-140.6,81,4.86,19.7,4.99
829,-502.2,-242.2,-152.8,82,4.92,19.7,6.56
830,-475.7,-422.5,-99.3,94,5.64,19.8,9.80
831,-479.6,-865.4,-127.7,69,4.14,19.7,9.69
832,-490.6,-607.6,-151.5,83,4.98,19.6,8.47
833,-505.3,-329.4,-154.6,87,5.22,19.7,9.69
834,-507.4,-207.1,-98.1,102,6.12,19.9,9.70
835,-465.0,-241.7,-72.1,75,4.50,19.8,9.72
836,-460.3,-328.5,-142.7,83,4.98,19.8,5.76
837,-437.9,-603.9,-146.0,68,4.08,19.6,9.70
838,-464.4,-271.4,-169.9,89,5.34,19.7,8.71
839,-445.7,-278.9,-79.9,74,4.44,19.6,5.88
840,-389.5,-294.3,-68.2,83,4.98,19.6,5.06
841,-387.7,-557.5,-114.1,80,4.80,19.5,3.90
842,-421.5,-835.3,-116.5,90,5.40,19.6,4.15
843,-429.1,-699.3,-64.2,79,4.74,19.6,4.27
844,-441.4,-784.8,-115.5,89,5.34,19.6,4.18
845,-452.7,-419.6,-148.8,88,5.28,19.7,5.14
846,-462.0,-328.3,-135.2,66,3.96,19.5,9.53
847,-452.0,-557.6,-83.4,79,4.74,19.4,4.62
848,-476.6,-585.4,-117.3,76,4.56,19.3,4.10
849,-460.6,-449.5,-43.5,91,5.46,19.4,4.63
850,-470.7,-787.8,-61.8,90,5.40,19.5,5.18
851,-467.5,-265.8,-153.5,95,5.70,19.6,5.01
852,-488.5,-883.2,-111.7,88,5.28,19.7,5.54
853,-473.1,-228.6,-132.8,58,3.48,19.4,5.03
854,-495.8,-284.3,-134.1,78,4.68,19.3,4.08
855,-493.8,-120.6,-47.5,86,5.16,19.4,9.51
856,-513.4,-427.5,-56.0,86,5.16,19.4,7.10
857,-505.3,-516.0,-98.1,103,6.18,19.6,9.47
858,-461.5,-305.2,-60.7,84,5.04,19.6,5.41
859,-453.4,-260.2,-41.6,79,4.74,19.6,9.36
860,-456.6,-437.7,-103.1,93,5.58,19.7,5.57
861,-439.7,-500.0,-102.9,84,5.04,19.7,10.39
862,-436.4,-325.2,-125.2,72,4.32,19.6,4.19
863,-429.4,-249.9,-76.9,90,5.40,19.6,6.21
864,-415.3,-294.2,-133.8,80,4.80,19.6,5.20
865,-430.3,-297.7,-85.8,91,5.46,19.7,5.32
866,-412.5,-410.1,-70.9,88,5.28,19.7,4.50
867,-412.5,-238.5,-98.0,95,5.70,19.9,6.11
868,-414.6,-423.3,-162.1,68,4.08,19.7,5.43
869,-418.3,-331.4,-176.3,99,5.94,19.9,4.21
870,-422.6,-306.3,-116.9,76,4.56,19.8,7.77
871,-427.0,-568.4,-136.6,87,5.22,19.8,4.86
872,-439.6,-491.4,-78.2,69,4.14,19.7,6.94
873,-421.5,-411.7,-159.1,89,5.34,19.7,4.45
874,-433.5,-241.1,-45.5,81,4.86,19.7,4.29
875,-427.8,-267.1,-152.5,86,5.16,19.7,3.99
876,-461.1,-716.3,-112.7,91,5.46,19.8,9.43
877,-458.4,-444.7,-167.4,71,4.26,19.7,4.43
878,-465.2,-486.1,-40.4,89,5.34,19.7,4.25
879,-473.1,-175.3,-61.5,78,4.68,19.7,4.55
880,-487.2,-1053.4,-133.9,75,4.50,19.6,4.82
881,-475.7,-658.6,-103.9,95,5.70,19.7,6.92
882,-476.8,-262.0,-103.7,78,4.68,19.6,4.03
883,-478.9,-310.6,-71.6,79,4.74,19.6,4.71
884,-480.8,-673.6,-130.0,99,5.94,19.8,4.04
885,-466.3,-480.9,-111.1,77,4.62,19.7,7.44
886,-448.3,-576.2,-107.2,87,5.22,19.7,5.63
887,-441.3,-369.8,-104.8,89,5.34,19.8,5.12
888,-431.4,-227.9,-169.7,91,5.46,19.9,5.92
889,-421.4,-476.2,-135.8,83,4.98,19.9,6.64
890,-426.3,-378.0,-113.8,81,4.86,19.9,4.32
891,-437.1,-371.9,-103.2,73,4.38,19.7,5.20
892,-445.9,-351.1,-118.1,89,5.34,19.8,7.47
893,-449.0,-402.8,-118.4,68,4.08,19.6,8.25
894,-479.4,-484.1,-24.4,110,6.59,19.9,7.14
895,-475.8,-445.9,-105.5,73,4.38,19.8,6.60
896,-467.3,-289.3,-83.1,71,4.26,19.7,4.47
897,-477.1,-475.3,-69.5,82,4.92,19.6,5.16
898,-465.5,-333.3,-51.9,93,5.58,19.8,9.45
899,-487.8,-683.5,-129.8,86,5.16,19.8,5.01
900,-508.3,-328.5,-149.0,83,4.98,19.8,3.92
901,-516.6,-569.0,-51.1,76,4.56,19.7,7.76
902,-505.8,-636.8,-64.3,83,4.98,19.7,4.73
903,-499.0,-424.9,-145.3,64,3.84,19.5,5.61
904,-497.1,-455.8,-158.7,81,4.86,19.4,4.07
905,-484.3,-237.8,-79.7,91,5.46,19.5,5.84
906,-499.4,-619.9,-69.8,84,5.04,19.5,7.58
907,-507.7,-177.0,-125.5,82,4.92,19.5,5.53
908,-510.4,-781.9,-118.8,73,4.38,19.4,9.42
909,-506.8,-327.5,-119.4,91,5.46,19.5,5.13
910,-541.9,-405.1,-100.4,98,5.88,19.7,9.35
911,-530.3,-253.7,-72.1,90,5.40,19.7,4.67
912,-514.1,-766.0,-148.1,74,4.44,19.6,4.41
913,-555.1,-1275.9,-70.7,90,5.40,19.7,5.15
914,-546.2,-436.1,-52.3,79,4.74,19.6,5.92
915,-544.3,-585.1,-69.6,82,4.92,19.6,4.58
916,-543.7,-298.1,-122.9,78,4.68,19.6,5.86
917,-537.5,-518.8,-78.3,76,4.56,19.5,4.30
918,-521.9,-279.0,-68.3,94,5.64,19.6,9.45
919,-508.8,-606.6,-88.3,80,4.80,19.6,6.94
920,-530.9,-392.5,-61.4,71,4.26,19.4,9.53
921,-469.0,-579.7,-173.4,77,4.62,19.3,4.79
922,-461.0,-210.7,-98.1,98,5.88,19.5,10.31
923,-443.3,-626.6,-89.8,79,4.74,19.5,7.96
924,-439.0,-552.7,-103.5,78,4.68,19.4,7.56
925,-398.3,-794.1,-45.4,95,5.70,19.5,3.95
926,-390.4,-298.2,-109.5,105,6.29,19.8,5.86
927,-384.5,-246.3,-125.5,73,4.38,19.7,5.80
928,-353.8,-251.4,-115.8,69,4.14,19.5,4.44
929,-380.3,-459.9,-110.1,98,5.88,19.7,8.00
930,-363.9,-682.8,-152.9,69,4.14,19.5,5.09
931,-368.7,-297.4,-53.7,75,4.50,19.4,4.07
932,-363.8,-260.2,-151.6,93,5.58,19.5,4.13
933,-394.1,-270.1,-130.4,80,4.80,19.5,4.23
934,-412.6,-347.6,-51.4,86,5.16,19.5,4.35
935,-410.9,-265.2,-65.3,93,5.58,19.6,4.68
936,-424.0,-293.1,-162.1,93,5.58,19.7,7.03
937,-442.6,-347.1,-38.1,91,5.46,19.8,9.35
938,-445.5,-445.6,-121.6,85,5.10,19.8,10.39
939,-491.5,-618.7,-122.2,94,5.64,20.0,4.52
940,-496.5,-240.8,-116.6,81,4.86,19.9,4.32
941,-487.1,-339.3,-163.2,71,4.26,19.8,4.13
942,-507.3,-298.6,-128.2,106,6.35,20.0,4.64
943,-514.1,-254.5,-165.4,95,5.70,20.2,5.60
944,-535.5,-226.4,-187.6,83,4.98,20.2,9.50
945,-541.4,-330.1,-78.6,80,4.80,20.1,6.79
946,-543.0,-543.8,-27.8,65,3.90,19.9,7.44
947,-548.7,-503.3,-41.9,85,5.10,19.9,10.16
948,-556.7,-841.9,-133.2,82,4.92,19.9,9.41
949,-565.0,-508.7,-79.4,85,5.10,19.9,4.43
950,-549.9,-402.9,-57.1,74,4.44,19.8,4.94
951,-541.9,-563.9,-123.5,78,4.68,19.8,5.67
952,-526.3,-217.2,-95.0,91,5.46,19.9,4.80
953,-524.5,-311.4,-76.2,81,4.86,19.8,4.38
954,-489.8,-382.3,-71.0,87,5.22,19.9,4.40
955,-520.7,-251.2,-146.9,77,4.62,19.8,5.31
956,-499.2,-746.7,-111.7,80,4.80,19.8,4.17
957,-507.5,-839.6,-129.7,97,5.82,19.9,4.50
958,-522.3,-368.6,-65.6,75,4.50,19.8,5.63
959,-506.4,-634.6,-196.9,85,5.10,19.8,10.31
960,-508.9,-618.8,-163.1,100,6.00,20.0,4.58
961,-511.9,-406.1,-165.5,61,3.66,19.8,5.59
962,-522.3,-896.0,-150.9,90,5.40,19.8,6.31
963,-539.6,-452.3,-92.5,91,5.46,19.9,4.43
964,-542.0,-268.3,-155.8,78,4.68,19.9,5.60
965,-540.6,-290.6,-178.4,93,5.58,20.0,4.62
966,-545.3,-546.0,-143.7,94,5.64,20.1,5.64
967,-524.6,-483.4,-65.5,84,5.04,20.1,5.61
968,-526.8,-474.5,-95.5,90,5.40,20.2,8.16
969,-516.4,-505.2,-25.6,77,4.62,20.1,5.48
970,-516.9,-527.0,-110.3,79,4.74,20.1,4.29
971,-487.0,-698.6,-94.6,78,4.68,20.0,5.79
972,-494.7,-734.6,-88.6,84,5.04,20.0,6.18
973,-510.9,-564.3,-113.5,78,4.68,19.9,9.16
974,-542.5,-807.5,-84.3,90,5.40,20.0,9.28
975,-519.0,-437.8,-131.0,77,4.62,19.9,9.48
976,-538.3,-222.5,-166.7,89,5.34,20.0,9.43
977,-532.8,-842.0,-55.9,76,4.56,19.9,9.55
978,-533.0,-657.5,-139.0,80,4.80,19.9,9.39
979,-547.9,-323.5,-143.2,59,3.54,19.6,5.33
980,-530.4,-236.1,-54.0,93,5.58,19.7,6.88
981,-553.2,-532.5,-182.2,94,5.64,19.8,5.40
982,-543.9,-530.2,-106.4,94,5.64,20.0,10.34
983,-529.6,-337.8,-105.4,70,4.20,19.8,4.34
984,-539.6,-280.5,-185.4,85,5.10,19.8,4.51
985,-537.9,-420.7,-125.4,99,5.94,20.0,9.59
986,-471.3,-325.4,-141.8,87,5.22,20.0,7.65
987,-475.5,-871.2,-102.2,62,3.72,19.8,4.19
988,-471.4,-426.9,-96.2,90,5.40,19.9,5.54
989,-440.0,-359.2,-108.3,73,4.38,19.7,9.44
990,-411.9,-355.4,-81.9,90,5.40,19.8,6.06
991,-391.8,-337.0,-108.9,74,4.44,19.7,9.53
992,-375.2,-353.7,-118.0,85,5.10,19.7,7.29
993,-384.9,-223.3,-129.9,62,3.72,19.5,9.39
994,-363.7,-178.4,-98.9,86,5.16,19.5,10.23
995,-361.0,-489.5,-133.4,95,5.70,19.6,5.26
996,-359.8,-270.5,-120.2,96,5.76,19.8,5.45
997,-392.4,-581.2,-152.2,79,4.74,19.7,6.11
998,-387.0,-299.0,-98.0,80,4.80,19.7,5.16
999,-405.8,-258.9,-17.2,77,4.62,19.6,3.97
1000,-385.9,-570.8,-53.3,76,4.56,19.5,5.57
1001,-417.0,-185.0,-26.4,80,4.80,19.5,7.44
1002,-387.4,-252.1,-11.5,86,5.16,19.5,5.41
1003,-411.1,-543.7,-3.2,73,4.38,19.4,9.45
1004,-410.8,-260.3,-40.6,82,4.92,19.4,10.31
1005,-403.1,-528.8,-44.4,92,5.52,19.5,5.68
1006,-401.2,-203.5,-64.1,88,5.28,19.5,7.01
1007,-418.3,-179.1,-21.8,93,5.58,19.6,8.93
1008,-404.2,-239.0,-147.6,92,5.52,19.7,5.45
1009,-397.4,-209.7,-28.6,85,5.10,19.8,8.83
1010,-395.1,-314.8,-72.0,80,4.80,19.7,7.89
1011,-408.4,-274.7,-24.2,72,4.32,19.6,6.07
1012,-399.1,-286.1,-29.5,82,4.92,19.6,4.45
1013,-377.2,-400.9,-45.0,72,4.32,19.4,9.29
1014,-403.1,-586.2,-123.1,82,4.92,19.4,4.95
1015,-388.8,-270.5,-17.4,80,4.80,19.4,5.48
1016,-398.1,-283.9,-54.4,81,4.86,19.4,8.65
1017,-393.1,-499.7,-110.1,100,6.00,19.6,4.94
1018,-398.7,-318.6,-14.2,92,5.52,19.7,5.28
1019,-415.6,-588.9,-33.5,77,4.62,19.6,7.49
1020,-380.7,-303.1,-40.6,83,4.98,19.6,4.53
1021,-396.2,-350.0,-44.3,73,4.38,19.4,4.65
1022,-399.2,-270.0,-25.3,95,5.70,19.6,4.03
1023,-381.6,-276.3,-43.4,87,5.22,19.6,9.47
1024,-419.9,-762.0,-60.6,79,4.74,19.6,4.53
1025,-426.7,-257.1,-51.4,79,4.74,19.5,9.68
1026,-382.6,-300.4,-8.3,77,4.62,19.4,4.81
1027,-390.2,-219.4,-57.5,85,5.10,19.5,5.20
1028,-382.6,-576.6,-22.0,83,4.98,19.5,4.15
1029,-389.2,-296.2,-50.0,94,5.64,19.6,4.41
1030,-395.4,-221.6,-115.6,84,5.04,19.6,4.39
1031,-388.8,-324.9,-22.2,103,6.18,19.8,5.44
1032,-389.8,-146.1,-127.9,87,5.22,19.9,6.68
1033,-379.4,-298.4,-20.3,83,4.98,19.9,6.78
1034,-405.8,-527.7,-142.1,68,4.08,19.7,4.36
1035,-382.3,-526.7,-60.5,88,5.28,19.7,5.68
1036,-400.4,-341.9,-34.2,74,4.44,19.6,4.56
1037,-390.7,-275.3,-13.4,85,5.10,19.6,4.88
1038,-393.6,-520.6,-62.0,75,4.50,19.5,7.80
1039,-390.0,-287.0,-72.9,87,5.22,19.6,4.86
1040,-380.7,-320.3,-17.6,86,5.16,19.6,7.19
1041,-393.4,-311.5,-48.6,88,5.28,19.7,4.17
1042,-398.2,-524.4,-24.5,80,4.80,19.6,6.66
1043,-407.2,-280.8,-62.3,88,5.28,19.7,4.70
1044,-396.3,-208.3,-48.8,87,5.22,19.7,9.57
1045,-403.1,-485.8,-47.7,84,5.04,19.7,5.41
1046,-399.0,-465.6,-62.2,78,4.68,19.7,9.71
1047,-400.7,-310.2,-82.1,89,5.34,19.7,6.65
1048,-392.1,-578.6,-61.3,83,4.98,19.7,6.08
1049,-383.1,-312.3,-19.1,91,5.46,19.8,7.68
1050,-386.4,-177.8,-65.9,77,4.62,19.7,4.03
1051,-394.6,-366.8,-49.2,61,3.66,19.5,4.22
1052,-397.5,-330.0,-38.8,91,5.46,19.6,4.33
1053,-409.9,-287.1,-20.4,75,4.50,19.5,9.21
1054,-391.3,-360.0,-24.9,97,5.82,19.6,6.28
1055,-385.0,-194.6,-45.6,75,4.50,19.5,5.36
1056,-389.2,-177.6,-35.4,83,4.98,19.5,5.77
1057,-382.2,-546.1,-18.3,72,4.32,19.4,5.33
1058,-387.8,-265.1,-35.8,82,4.92,19.4,7.24
1059,-386.8,-528.7,-43.0,92,5.52,19.5,8.21
1060,-384.8,-246.9,-24.8,78,4.68,19.4,4.80
1061,-412.4,-325.4,-5.1,80,4.80,19.4,6.17
1062,-388.6,-364.5,-142.8,90,5.40,19.4,4.21
1063,-393.2,-571.9,-51.3,81,4.86,19.4,3.99
1064,-400.6,-497.6,-87.3,78,4.68,19.4,7.93
1065,-391.0,-251.9,-11.1,81,4.86,19.3,6.93
1066,-383.8,-318.3,-70.5,89,5.34,19.4,3.97
1067,-381.2,-212.8,-25.1,83,4.98,19.4,5.07
1068,-375.9,-546.7,-39.7,90,5.40,19.5,6.34
1069,-393.7,-319.4,-129.7,99,5.94,19.6,8.88
1070,-391.4,-215.4,-31.1,89,5.34,19.7,5.20
1071,-392.8,-255.6,-153.3,81,4.86,19.7,8.04
1072,-385.4,-301.1,-47.0,71,4.26,19.5,6.84
1073,-401.4,-731.0,-88.5,79,4.74,19.5,4.36
1074,-403.6,-705.0,-36.6,81,4.86,19.5,7.31
1075,-390.3,-216.4,-61.4,95,5.70,19.6,4.37
1076,-391.3,-194.3,-51.7,94,5.64,19.7,6.99
1077,-380.2,-534.5,-25.7,91,5.46,19.8,4.50
1078,-396.9,-327.3,-30.5,82,4.92,19.8,10.32
1079,-397.3,-269.1,-49.6,86,5.16,19.8,5.41
1080,-400.4,-309.6,-58.0,86,5.16,19.9,4.42
1081,-385.4,-282.6,-25.8,77,4.62,19.8,9.31
1082,-393.0,-285.6,-14.0,82,4.92,19.8,4.47
1083,-396.8,-355.9,-134.7,72,4.32,19.6,9.41
1084,-398.5,-269.6,-60.2,92,5.52,19.7,4.62
1085,-395.0,-269.9,-66.0,88,5.28,19.8,5.27
1086,-404.8,-299.3,-21.8,77,4.62,19.7,9.73
1087,-401.8,-477.2,-65.1,96,5.76,19.9,8.70
1088,-387.1,-412.7,-24.8,69,4.14,19.7,8.25
1089,-380.4,-326.4,-37.1,88,5.28,19.7,5.30
1090,-385.5,-316.5,-61.6,79,4.74,19.7,5.08
1091,-399.1,-296.5,-66.0,102,6.12,19.9,4.17
1092,-400.2,-239.3,-140.1,95,5.70,20.0,7.40
1093,-386.3,-677.9,-67.2,66,3.96,19.8,5.53
1094,-391.3,-232.3,-50.1,91,5.46,19.9,9.41
1095,-400.0,-191.0,-28.1,89,5.34,20.0,8.37
1096,-397.5,-327.2,-16.5,104,6.24,20.2,4.67
1097,-394.7,-274.7,-42.3,82,4.92,20.2,4.94
1098,-379.5,-186.1,-7.9,81,4.86,20.2,5.41
1099,-391.7,-252.5,-50.9,75,4.50,20.1,5.38
1100,-387.8,-302.4,-69.3,81,4.86,20.1,6.81
1101,-387.4,-215.1,-18.8,77,4.62,20.0,5.40
1102,-424.9,-458.4,-22.9,94,5.64,20.1,5.89
1103,-394.3,-696.0,-55.8,78,4.68,20.0,6.61
1104,-381.5,-244.7,-38.4,66,3.96,19.8,4.21
1105,-406.7,-278.2,-58.4,77,4.62,19.8,4.05
1106,-400.9,-246.6,-6.0,90,5.40,19.8,9.50
1107,-393.2,-217.3,-57.4,82,4.92,19.8,6.22
1108,-371.8,-305.6,-22.4,74,4.44,19.7,4.48
1109,-391.8,-455.3,-34.9,98,5.88,19.9,6.04
1110,-387.0,-322.6,-41.2,64,3.84,19.7,4.19
1111,-388.4,-216.0,-148.0,83,4.98,19.6,4.93
1112,-374.3,-803.1,-51.5,83,4.98,19.6,5.41
1113,-377.3,-508.6,-16.1,91,5.46,19.7,4.27
1114,-386.1,-273.0,-26.4,76,4.56,19.6,8.84
1115,-391.2,-260.2,-27.0,98,5.88,19.8,4.71
1116,-376.2,-763.7,-25.1,91,5.46,19.9,9.41
1117,-383.3,-291.3,-41.6,88,5.28,20.0,7.31
1118,-394.4,-374.5,-20.7,89,5.34,20.0,6.04
1119,-401.0,-334.2,-34.8,77,4.62,20.0,7.12
1120,-397.4,-190.0,-31.1,69,4.14,19.8,6.09
1121,-407.9,-499.1,-25.1,85,5.10,19.8,7.19
1122,-395.0,-594.8,-54.9,76,4.56,19.7,9.34
1123,-386.9,-259.2,-53.5,88,5.28,19.8,6.61
1124,-388.7,-278.8,-59.1,101,6.06,20.0,4.08
1125,-391.2,-304.8,-24.6,88,5.28,20.0,4.69
1126,-406.0,-579.2,-141.3,83,4.98,20.0,4.11
1127,-389.7,-656.0,-52.7,87,5.22,20.1,9.38
1128,-380.4,-341.2,-32.4,68,4.08,19.9,9.53
1129,-393.1,-254.7,-19.6,92,5.52,20.0,4.68
1130,-404.6,-251.9,-61.3,79,4.74,19.9,9.39
1131,-391.2,-273.6,-138.5,79,4.74,19.9,8.97
1132,-384.6,-358.2,-103.6,93,5.58,20.0,7.16
1133,-391.7,-528.2,-26.9,79,4.74,19.9,6.85
1134,-391.0,-267.3,-61.0,89,5.34,20.0,4.62
1135,-401.1,-667.4,-74.0,78,4.68,19.9,6.71
1136,-381.1,-475.4,-19.0,90,5.40,20.0,5.14
1137,-406.0,-489.8,-150.6,69,4.14,19.8,7.89
1138,-386.7,-497.8,-69.9,90,5.40,19.9,9.34
1139,-387.9,-322.0,-11.9,81,4.86,19.9,5.06
1140,-384.1,-328.1,-27.7,85,5.10,19.9,5.83
1141,-394.6,-295.6,-51.6,83,4.98,19.9,3.77
1142,-379.8,-292.8,-48.6,74,4.44,19.8,4.92
1143,-389.5,-336.0,-23.1,72,4.32,19.7,4.95
1144,-406.2,-299.9,-134.6,78,4.68,19.6,8.42
1145,-389.4,-212.8,-21.6,88,5.28,19.7,8.59
1146,-403.1,-344.6,-45.7,80,4.80,19.6,9.39
1147,-419.8,-290.8,-60.7,98,5.88,19.8,8.45
1148,-368.8,-322.0,-27.7,90,5.40,19.9,4.25
1149,-387.1,-504.6,-54.9,86,5.16,19.9,5.08
1150,-376.5,-277.6,-26.3,69,4.14,19.7,3.80
1151,-404.6,-523.7,-32.7,85,5.10,19.7,3.80
1152,-403.2,-373.3,-19.1,82,4.92,19.7,6.45
1153,-388.8,-905.6,-71.1,105,6.29,20.0,7.60
1154,-383.0,-350.6,-145.1,91,5.46,20.1,6.48
1155,-406.9,-580.2,-24.3,84,5.04,20.1,9.13
1156,-386.8,-264.8,-39.9,70,4.20,19.9,5.89
1157,-391.5,-706.4,-20.8,99,5.94,20.1,5.66
1158,-404.7,-342.5,-28.2,75,4.50,20.0,9.37
1159,-387.2,-348.5,-36.2,66,3.96,19.8,6.00
1160,-393.9,-490.1,-135.9,83,4.98,19.8,3.87
1161,-391.0,-284.3,-118.6,88,5.28,19.8,9.07
1162,-387.7,-331.4,-75.3,75,4.50,19.7,5.66
1163,-400.9,-655.7,-26.8,76,4.56,19.7,8.83
1164,-388.8,-536.4,-52.3,82,4.92,19.6,8.28
1165,-382.6,-214.3,-91.2,109,6.53,19.9,4.30
1166,-390.7,-322.7,-67.8,84,5.04,20.0,4.50
1167,-390.0,-603.1,-92.8,90,5.40,20.0,8.72
1168,-400.8,-342.1,-36.6,78,4.68,20.0,6.95
1169,-380.0,-681.7,-60.8,69,4.14,19.8,5.85
1170,-405.0,-137.1,-65.6,100,6.00,20.0,6.44
1171,-392.6,-215.0,-108.0,75,4.50,19.9,5.19
1172,-412.1,-538.4,-20.6,89,5.34,20.0,8.45
1173,-381.2,-282.3,-57.0,88,5.28,20.0,9.45
1174,-381.7,-469.5,-154.1,96,5.76,20.2,5.33
1175,-378.0,-328.9,-40.6,76,4.56,20.1,4.78
1176,-415.5,-137.2,-24.1,81,4.86,20.0,10.12
1177,-386.6,-337.6,-43.0,95,5.70,20.2,3.94
1178,-389.8,-274.6,-63.3,71,4.26,20.0,7.25
1179,-373.9,-207.6,-37.0,76,4.56,19.9,5.07
1180,-391.0,-487.8,-51.3,83,4.98,19.9,9.19
1181,-383.2,-219.0,-25.6,83,4.98,19.9,8.25
1182,-382.3,-225.1,-69.9,102,6.12,20.2,4.70
1183,-396.0,-239.2,-23.2,73,4.38,20.0,7.53
1184,-392.5,-329.3,-16.8,82,4.92,20.0,5.18
1185,-388.3,-195.4,-65.8,94,5.64,20.1,9.07
1186,-377.1,-251.9,-50.5,93,5.58,20.3,4.53
1187,-397.6,-218.6,-22.7,87,5.22,20.3,9.37
1188,-384.2,-373.0,-53.7,88,5.28,20.4,6.39
1189,-386.8,-251.0,-21.7,68,4.08,20.2,9.55
1190,-398.1,-554.2,-47.8,60,3.60,19.9,4.84
1191,-381.7,-242.8,-31.0,90,5.40,20.0,4.82
1192,-376.0,-461.1,-36.6,75,4.50,19.9,9.18
1193,-392.4,-170.4,-19.5,86,5.16,19.9,4.67
1194,-383.9,-366.8,-46.6,80,4.80,19.9,8.19
1195,-376.5,-603.9,-24.9,81,4.86,19.8,4.15
1196,-385.3,-402.5,-45.3,71,4.26,19.7,6.31
1197,-388.9,-487.0,-30.3,81,4.86,19.7,9.17
1198,-382.1,-650.0,-58.4,85,5.10,19.7,6.41
1199,-383.3,-513.9,-112.7,80,4.80,19.6,5.82
1200,-380.3,-253.9,-84.5,85,5.10,19.6,5.07
1201,-403.2,-221.4,-22.3,90,5.40,19.7,7.28
1202,-397.9,-365.7,-38.1,84,5.04,19.7,7.76
1203,-389.4,-491.2,-54.1,74,4.44,19.6,4.49
1204,-399.6,-191.8,-23.6,68,4.08,19.4,5.89
1205,-375.3,-308.1,-51.7,100,6.00,19.6,8.59
1206,-404.1,-285.3,-149.0,99,5.94,19.8,4.05
1207,-383.8,-293.9,-33.8,85,5.10,19.8,7.45
1208,-374.6,-290.4,-25.4,72,4.32,19.7,8.25
1209,-392.6,-275.7,-28.8,93,5.58,19.8,4.73
1210,-387.1,-341.9,-25.6,79,4.74,19.8,6.54
1211,-394.6,-233.1,-66.9,94,5.64,19.9,5.71
1212,-374.1,-376.5,-38.9,75,4.50,19.8,7.49
1213,-386.1,-160.1,-57.0,71,4.26,19.6,8.57
1214,-388.9,-262.9,-62.8,83,4.98,19.6,7.51
1215,-386.1,-656.5,-65.7,103,6.18,19.9,5.51
1216,-393.0,-199.7,-51.1,94,5.64,20.0,5.37
1217,-383.6,-227.6,-33.5,73,4.38,19.9,4.91
1218,-398.9,-403.6,-132.2,82,4.92,19.9,5.07
1219,-393.4,-306.1,-38.9,82,4.92,19.8,7.44
1220,-371.8,-339.6,-71.5,67,4.02,19.6,6.17
1221,-411.5,-275.0,-143.6,94,5.64,19.8,4.47
1222,-386.1,-698.9,-39.2,77,4.62,19.7,9.34
1223,-393.5,-183.1,-12.3,87,5.22,19.7,7.07
1224,-392.6,-197.1,-58.7,93,5.58,19.8,4.59
1225,-385.5,-204.0,-24.8,86,5.16,19.9,5.80
1226,-394.8,-362.0,-29.4,78,4.68,19.8,4.23
1227,-369.5,-316.2,-65.4,104,6.24,20.1,8.50
1228,-387.3,-912.5,-33.0,73,4.38,19.9,10.42
1229,-388.1,-352.4,-10.8,100,6.00,20.1,4.34
1230,-370.6,-235.7,-48.5,90,5.40,20.2,9.06
1231,-379.8,-233.4,-62.6,78,4.68,20.1,4.02
1232,-376.5,-465.2,-25.6,60,3.60,19.9,7.53
1233,-387.7,-227.0,-33.6,70,4.20,19.7,9.03
1234,-381.1,-458.6,-28.6,87,5.22,19.7,4.04
1235,-400.3,-254.2,-72.3,88,5.28,19.8,9.42
1236,-388.1,-219.2,-25.5,94,5.64,19.9,5.00
1237,-391.0,-216.3,-21.1,74,4.44,19.8,4.78
1238,-394.7,-472.5,-13.9,75,4.50,19.7,4.78
1239,-399.4,-693.5,-109.7,94,5.64,19.8,8.02
1240,-379.9,-713.1,-84.0,83,4.98,19.8,8.83
1241,-381.3,-225.3,-87.1,70,4.20,19.7,3.73
1242,-387.8,-259.9,-14.3,84,5.04,19.7,4.25
1243,-376.0,-362.9,-27.5,78,4.68,19.6,3.96
1244,-366.4,-337.7,-14.2,86,5.16,19.6,4.60
1245,-373.2,-500.7,-30.4,97,5.82,19.8,4.23
1246,-396.9,-240.5,-158.9,80,4.80,19.8,6.06
1247,-364.4,-241.2,-39.8,78,4.68,19.7,4.11
1248,-364.2,-222.7,-30.3,74,4.44,19.6,4.43
1249,-363.2,-428.0,-34.1,91,5.46,19.7,4.82
1250,-388.6,-394.6,-9.9,99,5.94,19.9,6.08
1251,-370.3,-259.4,-21.0,66,3.96,19.7,5.42
1252,-372.4,-568.2,-22.8,80,4.80,19.6,3.81
1253,-378.3,-356.5,-54.8,80,4.80,19.6,3.68
1254,-391.9,-537.6,-30.2,82,4.92,19.6,3.90
1255,-391.2,-1812.7,-78.2,105,6.29,19.8,4.10
1256,-372.5,-279.3,-55.5,77,4.62,19.7,5.31
1257,-370.0,-286.6,-122.9,81,4.86,19.7,4.03
1258,-385.2,-181.5,-42.7,71,4.26,19.6,4.32
1259,-360.4,-362.1,-34.5,80,4.80,19.5,5.00
1260,-381.4,-218.1,-23.0,100,6.00,19.7,4.52
1261,-386.3,-224.3,-68.7,94,5.64,19.8,6.48
1262,-373.3,-382.0,-77.8,87,5.22,19.9,4.71
1263,-373.8,-510.3,-35.6,67,4.02,19.7,3.53
1264,-374.1,-575.8,-43.5,85,5.10,19.7,3.86
1265,-388.0,-207.5,-50.2,75,4.50,19.6,5.13
1266,-376.6,-697.6,-61.0,73,4.38,19.5,4.10
1267,-389.3,-319.7,-57.5,90,5.40,19.6,5.28
1268,-389.3,-499.3,-25.8,87,5.22,19.6,4.77
1269,-370.6,-505.4,-25.7,83,4.98,19.6,4.30
1270,-380.5,-459.2,-34.9,79,4.74,19.6,3.92
1271,-400.6,-927.8,-44.1,65,3.90,19.3,5.07
1272,-387.4,-453.0,-21.0,83,4.98,19.3,4.77
1273,-371.4,-226.7,-90.5,72,4.32,19.2,7.12
1274,-365.6,-230.7,-49.7,85,5.10,19.2,3.65
1275,-377.7,-204.6,-23.4,93,5.58,19.3,4.09
1276,-382.5,-238.3,-26.4,87,5.22,19.4,7.07
1277,-402.7,-724.2,-7.5,97,5.82,19.5,4.06
1278,-374.5,-360.7,-22.8,76,4.56,19.4,3.82
1279,-382.0,-473.5,-53.5,70,4.20,19.3,3.77
1280,-393.1,-179.4,-26.7,97,5.82,19.4,4.70
1281,-373.9,-273.8,-20.2,84,5.04,19.4,4.10
1282,-399.8,-293.8,-15.5,82,4.92,19.4,3.69
1283,-397.2,-483.2,-21.7,88,5.28,19.5,5.04
1284,-376.5,-250.0,-30.6,87,5.22,19.5,8.49
1285,-385.3,-312.2,-118.0,75,4.50,19.4,7.38
1286,-400.4,-371.1,-63.0,93,5.58,19.5,8.53
1287,-374.2,-295.6,-62.2,84,5.04,19.5,4.08
1288,-391.4,-283.9,-122.2,81,4.86,19.5,4.23
1289,-391.9,-257.1,-28.0,84,5.04,19.5,4.70
1290,-374.5,-396.5,-59.1,88,5.28,19.6,4.69
1291,-362.2,-202.6,-27.9,76,4.56,19.5,4.08
1292,-359.0,-215.7,-31.3,78,4.68,19.4,4.07
1293,-364.2,-616.9,-132.7,91,5.46,19.5,3.58
1294,-374.5,-238.8,-72.8,86,5.16,19.6,3.82
1295,-380.1,-250.3,-67.9,87,5.22,19.6,3.94
1296,-369.0,-261.3,-37.4,84,5.04,19.6,4.24
1297,-374.8,-212.7,-22.9,87,5.22,19.6,4.48
1298,-391.8,-543.0,-35.9,81,4.86,19.6,3.89
1299,-376.2,-355.4,-15.2,105,6.29,19.9,3.64
1300,-396.9,-229.7,-57.1,86,5.16,19.9,6.63
1301,-378.6,-190.7,-52.1,73,4.38,19.8,8.79
1302,-380.3,-419.7,-68.0,78,4.68,19.7,3.60
1303,-377.3,-292.0,-15.3,84,5.04,19.7,3.96
1304,-383.5,-316.2,-18.4,92,5.52,19.8,5.88
1305,-376.2,-220.2,-42.3,77,4.62,19.7,4.05
1306,-376.9,-845.7,-15.1,86,5.16,19.8,3.78
1307,-388.2,-252.9,-30.9,95,5.70,19.9,3.68
1308,-392.1,-253.8,-143.3,76,4.56,19.8,3.80
1309,-361.0,-476.8,-33.9,88,5.28,19.9,3.62
1310,-380.8,-265.8,-15.9,96,5.76,20.0,4.19
1311,-379.3,-192.6,-12.4,80,4.80,20.0,5.10
1312,-358.4,-236.0,-19.5,67,4.02,19.8,3.63
1313,-382.6,-501.5,-63.8,64,3.84,19.6,9.18
1314,-398.7,-693.6,-54.2,78,4.68,19.5,5.97
1315,-393.5,-247.5,-11.8,88,5.28,19.6,5.53
1316,-382.0,-211.7,-16.8,78,4.68,19.5,4.47
1317,-392.1,-473.1,-50.9,96,5.76,19.6,5.87
1318,-366.2,-218.0,-13.4,86,5.16,19.7,8.31
1319,-384.1,-300.1,-33.5,79,4.74,19.6,4.21
1320,-377.1,-205.7,-6.8,95,5.70,19.8,4.43
1321,-380.4,-331.0,-17.5,67,4.02,19.6,5.52
1322,-387.0,-620.7,-149.9,75,4.50,19.5,4.29
1323,-379.4,-482.0,-59.6,99,5.94,19.6,6.04
1324,-385.0,-715.9,-41.6,88,5.28,19.7,4.23
1325,-371.5,-218.3,-55.8,95,5.70,19.8,4.09
1326,-368.7,-276.6,-79.4,65,3.90,19.6,8.93
1327,-381.9,-466.4,-153.4,88,5.28,19.7,6.25
1328,-381.8,-570.4,-16.4,80,4.80,19.6,4.99
1329,-383.4,-415.0,-31.7,82,4.92,19.6,7.67
1330,-372.6,-219.4,-41.6,84,5.04,19.6,3.58
1331,-388.3,-587.4,-23.6,69,4.14,19.4,4.16
1332,-373.5,-232.6,-49.0,89,5.34,19.5,7.59
1333,-371.4,-339.8,-17.1,81,4.86,19.5,3.73
1334,-384.1,-332.6,-16.1,78,4.68,19.4,4.08
1335,-377.9,-300.0,-22.9,79,4.74,19.4,3.94
1336,-379.0,-251.7,-63.2,87,5.22,19.4,10.35
1337,-379.6,-239.2,-81.5,80,4.80,19.4,4.01
1338,-371.5,-219.5,-24.2,95,5.70,19.5,4.06
1339,-377.7,-253.3,-32.5,86,5.16,19.5,3.89
1340,-382.6,-248.8,-18.2,82,4.92,19.5,4.20
1341,-374.3,-451.0,-29.3,85,5.10,19.5,8.62
1342,-376.2,-250.0,-21.8,97,5.82,19.7,5.57
1343,-369.5,-222.1,-59.2,58,3.48,19.4,3.78
1344,-379.5,-245.5,-20.0,92,5.52,19.5,4.17
1345,-396.0,-1008.7,-133.3,94,5.64,19.6,3.64
1346,-388.6,-560.4,-12.5,76,4.56,19.5,7.25
1347,-377.0,-289.9,-29.7,79,4.74,19.5,8.70
1348,-383.7,-262.4,-107.1,85,5.10,19.5,6.97
1349,-389.9,-648.6,-15.9,88,5.28,19.6,4.12
1350,-375.0,-301.7,-138.0,75,4.50,19.5,5.20
1351,-389.3,-295.2,-123.3,96,5.76,19.6,10.17
1352,-391.4,-658.6,-26.5,92,5.52,19.7,5.20
1353,-366.9,-584.7,-68.3,73,4.38,19.6,4.26
1354,-380.6,-256.7,-32.8,64,3.84,19.4,3.81
1355,-384.3,-422.6,-22.0,94,5.64,19.5,4.29
1356,-378.3,-626.1,-59.5,88,5.28,19.5,4.02
1357,-376.3,-268.7,-41.8,86,5.16,19.6,3.68
1358,-395.7,-235.4,-18.5,88,5.28,19.6,3.55
1359,-373.2,-308.7,-77.8,85,5.10,19.6,4.07
1360,-378.7,-282.2,-140.7,92,5.52,19.7,3.75
1361,-377.8,-176.4,-130.2,78,4.68,19.7,4.75
1362,-366.4,-179.3,-20.1,78,4.68,19.6,4.63
1363,-390.4,-720.2,-133.7,82,4.92,19.6,4.04
1364,-381.9,-318.3,-163.2,90,5.40,19.7,3.74
1365,-400.8,-257.9,-8.7,87,5.22,19.7,4.50
1366,-380.9,-227.0,-21.2,80,4.80,19.7,4.20
1367,-375.4,-192.2,-24.4,91,5.46,19.8,4.23
1368,-364.2,-360.0,-22.5,84,5.04,19.8,4.92
1369,-362.1,-424.3,-16.2,86,5.16,19.8,4.01
1370,-377.7,-511.8,-21.6,66,3.96,19.6,4.61
1371,-387.4,-598.4,-71.5,95,5.70,19.7,4.76
1372,-388.1,-220.8,-67.0,71,4.26,19.6,6.57
1373,-380.5,-486.8,-65.8,81,4.86,19.6,3.85
1374,-370.3,-753.5,-15.8,74,4.44,19.4,3.59
1375,-380.8,-235.3,-66.7,83,4.98,19.4,3.94
1376,-409.1,-249.0,-15.6,69,4.14,19.3,5.91
1377,-376.5,-559.7,-51.0,83,4.98,19.3,4.07
1378,-372.8,-261.3,-61.9,69,4.14,19.1,4.37
1379,-374.0,-285.6,-23.3,87,5.22,19.1,4.00
1380,-360.5,-427.9,-25.9,70,4.20,19.0,4.49
1381,-377.5,-255.7,-74.7,85,5.10,19.0,3.53
1382,-383.0,-318.0,-53.8,84,5.04,19.0,3.81
1383,-376.9,-247.0,-20.9,88,5.28,19.1,3.78
1384,-369.9,-234.0,-22.9,100,6.00,19.3,4.75
1385,-381.6,-176.4,-148.0,86,5.16,19.3,3.96
1386,-371.0,-291.8,-59.2,78,4.68,19.2,8.30
1387,-371.4,-368.2,-62.9,77,4.62,19.2,4.00
1388,-378.8,-414.7,-45.5,67,4.02,19.0,3.95
1389,-382.9,-245.9,-11.2,88,5.28,19.0,9.44
1390,-375.5,-688.2,-99.4,110,6.59,19.3,4.47
1391,-390.6,-331.2,-25.3,85,5.10,19.3,4.06
1392,-373.7,-274.0,-116.9,89,5.34,19.4,4.09
1393,-366.6,-234.0,-21.2,82,4.92,19.4,6.08
1394,-365.0,-278.2,-85.9,85,5.10,19.4,4.39
1395,-351.3,-254.5,-17.9,86,5.16,19.4,5.68
1396,-369.5,-492.9,-58.9,91,5.46,19.5,3.76
1397,-371.2,-251.7,-29.3,89,5.34,19.6,4.14
1398,-375.9,-202.7,-19.9,103,6.18,19.8,4.11
1399,-367.8,-332.7,-26.8,65,3.90,19.6,4.11
1400,-364.7,-170.2,-7.8,95,5.70,19.7,4.48
1401,-386.6,-592.9,-70.1,74,4.44,19.6,4.21
1402,-376.7,-330.6,-26.6,69,4.14,19.5,6.30
1403,-380.5,-266.5,-55.0,85,5.10,19.5,3.74
1404,-376.2,-275.8,-42.5,102,6.12,19.7,3.72
1405,-376.4,-805.4,-15.0,92,5.52,19.8,3.78
1406,-398.2,-335.6,-22.3,78,4.68,19.7,3.59
1407,-389.3,-537.9,-17.9,92,5.52,19.8,6.20
1408,-381.0,-234.0,-42.6,78,4.68,19.8,4.19
1409,-382.8,-729.9,-40.5,86,5.16,19.8,3.69
1410,-364.3,-236.6,-70.7,69,4.14,19.6,5.80
1411,-365.8,-584.0,-23.6,87,5.22,19.7,4.06
1412,-371.6,-216.8,-32.4,90,5.40,19.7,4.34
1413,-380.1,-385.8,-75.0,79,4.74,19.7,4.39
1414,-376.4,-653.5,-41.1,78,4.68,19.6,4.42
1415,-380.8,-315.7,-20.5,82,4.92,19.6,3.85
1416,-374.3,-273.5,-37.5,94,5.64,19.7,4.02
1417,-378.8,-301.1,-84.8,70,4.20,19.6,3.75
1418,-363.7,-236.7,-80.3,74,4.44,19.5,3.91
1419,-362.8,-297.6,-43.1,73,4.38,19.3,3.93
1420,-372.4,-219.0,-42.1,77,4.62,19.3,4.92
1421,-372.0,-378.6,-60.1,76,4.56,19.2,3.98
1422,-375.6,-321.1,-19.6,88,5.28,19.2,5.97
1423,-373.9,-541.3,-53.2,91,5.46,19.3,4.10
1424,-353.1,-402.6,-62.8,82,4.92,19.3,3.52
1425,-360.3,-274.4,-33.3,84,5.04,19.3,4.63
1426,-365.6,-627.5,-62.5,75,4.50,19.2,3.78
1427,-360.3,-265.0,-53.3,89,5.34,19.3,4.50
1428,-375.5,-288.9,-42.3,88,5.28,19.3,6.58
1429,-372.2,-384.7,-81.2,92,5.52,19.4,4.59
1430,-375.2,-356.5,-32.1,98,5.88,19.6,5.77
1431,-382.7,-581.7,-15.1,92,5.52,19.7,4.20
1432,-384.5,-259.2,-33.6,76,4.56,19.6,9.35
1433,-363.5,-290.8,-20.9,76,4.56,19.5,8.25
1434,-361.9,-405.4,-43.2,86,5.16,19.6,4.46
1435,-379.5,-273.3,-138.7,87,5.22,19.6,3.66
1436,-374.7,-237.6,-31.0,70,4.20,19.5,5.13
1437,-372.1,-397.7,-25.1,76,4.56,19.4,4.22
1438,-362.0,-312.0,-74.5,91,5.46,19.5,4.71
1439,-363.3,-239.1,-2.0,75,4.50,19.4,4.85
1440,-372.6,-258.2,-27.6,75,4.50,19.3,6.50
1441,-352.7,-317.2,-48.5,97,5.82,19.4,5.98
1442,-365.2,-610.6,-60.1,76,4.56,19.3,5.12
1443,-366.5,-210.0,-124.0,88,5.28,19.4,3.70
1444,-370.6,-321.1,-16.4,76,4.56,19.3,5.07
1445,-371.6,-261.1,-45.1,85,5.10,19.3,4.94
1446,-355.8,-259.0,-156.3,98,5.88,19.5,5.09
1447,-357.5,-238.5,17.1,91,5.46,19.6,4.65
1448,-380.6,-529.2,-77.2,74,4.44,19.5,5.58
1449,-362.4,-291.4,-75.1,68,4.08,19.3,4.49
1450,-371.2,-689.4,-25.7,97,5.82,19.4,4.82
1451,-375.0,-533.1,-43.6,90,5.40,19.5,5.86
1452,-387.9,-269.1,-163.5,78,4.68,19.5,4.86
1453,-368.1,-1109.2,-84.2,74,4.44,19.3,4.40
1454,-361.9,-447.5,-27.0,84,5.04,19.4,7.88
1455,-362.7,-301.8,-57.1,83,4.98,19.3,3.71
1456,-357.6,-533.8,-75.1,77,4.62,19.3,5.81
1457,-365.2,-672.6,-15.9,72,4.32,19.1,4.53
1458,-352.3,-172.8,-59.3,86,5.16,19.2,4.01
1459,-381.0,-201.5,-25.3,93,5.58,19.3,5.91
1460,-362.9,-243.7,-24.1,86,5.16,19.3,5.84
1461,-364.3,-211.8,-35.1,83,4.98,19.3,4.87
1462,-362.6,-631.3,-85.3,91,5.46,19.4,4.64
1463,-353.3,-472.3,-91.5,98,5.88,19.6,5.63
1464,-364.3,-685.9,-38.8,91,5.46,19.7,4.39
1465,-366.3,-571.9,-136.4,85,5.10,19.7,4.69
1466,-373.0,-254.1,-50.3,65,3.90,19.5,4.32
1467,-371.4,-296.4,-63.3,95,5.70,19.6,3.93
1468,-364.5,-466.5,-32.6,76,4.56,19.5,8.84
1469,-374.5,-818.9,-39.4,77,4.62,19.4,4.08
1470,-372.4,-582.2,-19.4,74,4.44,19.3,3.90
1471,-383.6,-295.6,-14.9,74,4.44,19.2,6.14
1472,-373.7,-271.9,-10.5,92,5.52,19.3,4.68
1473,-360.5,-239.0,-29.2,84,5.04,19.3,3.98
1474,-385.8,-186.3,-41.6,94,5.64,19.4,3.90
1475,-377.9,-301.3,-77.6,73,4.38,19.3,4.11
1476,-381.2,-545.9,-35.8,78,4.68,19.3,9.40
1477,-367.4,-640.9,-26.5,86,5.16,19.3,6.74
1478,-362.4,-602.4,-24.4,76,4.56,19.2,3.70
1479,-374.8,-485.8,-48.9,89,5.34,19.3,4.53
1480,-360.3,-148.2,-55.9,82,4.92,19.2,3.71
1481,-383.9,-498.1,-57.6,85,5.10,19.3,4.68
1482,-378.5,-307.8,-3.9,98,5.88,19.4,5.87
1483,-384.1,-698.7,-80.8,70,4.20,19.3,3.98
1484,-368.7,-378.5,-43.7,93,5.58,19.4,3.94
1485,-377.8,-347.5,-28.1,81,4.86,19.4,5.85
1486,-361.1,-328.8,-35.9,94,5.64,19.5,3.89
1487,-376.3,-397.4,-23.5,96,5.76,19.6,9.51
1488,-369.8,-229.1,6.5,93,5.58,19.7,3.78
1489,-378.6,-274.2,-91.3,69,4.14,19.6,3.75
1490,-358.3,-648.9,15.9,72,4.32,19.4,3.72
1491,-374.0,-402.5,-133.9,89,5.34,19.5,5.76
1492,-359.1,-391.2,-64.3,82,4.92,19.5,3.55
1493,-366.4,-285.1,-42.3,92,5.52,19.6,4.66
1494,-361.4,-398.5,-41.6,91,5.46,19.7,5.70
1495,-368.6,-451.3,-18.8,70,4.20,19.5,5.93
1496,-368.4,-414.3,-22.6,95,5.70,19.7,3.76
1497,-360.2,-422.2,-37.0,88,5.28,19.7,6.00
1498,-368.9,-368.5,-27.5,73,4.38,19.6,3.68
1499,-372.2,-237.2,-19.5,100,6.00,19.8,3.90
1500,-355.7,-609.5,-33.8,79,4.74,19.7,3.91
1501,-383.5,-246.4,-29.2,78,4.68,19.7,5.59
1502,-363.0,-272.7,-40.1,82,4.92,19.7,3.80
1503,-372.4,-575.1,-55.5,82,4.92,19.6,7.21
1504,-364.6,-539.1,-21.7,75,4.50,19.5,6.04
1505,-363.8,-182.5,-21.6,88,5.28,19.6,3.78
1506,-369.0,-260.5,-35.9,76,4.56,19.5,3.79
1507,-364.0,-385.8,-118.5,81,4.86,19.5,3.91
1508,-376.1,-327.6,-36.5,95,5.70,19.6,3.97
1509,-379.0,-291.4,-56.1,83,4.98,19.6,6.46
1510,-373.6,-575.4,-64.3,81,4.86,19.6,3.80
1511,-375.5,-395.7,-12.7,78,4.68,19.5,5.24
1512,-360.8,-273.8,-76.2,94,5.64,19.6,4.35
1513,-368.3,-291.7,-46.0,73,4.38,19.5,3.84
1514,-383.2,-323.2,-42.4,94,5.64,19.6,3.88
1515,-374.6,-783.3,-72.4,83,4.98,19.6,3.87
1516,-367.3,-338.8,-39.2,92,5.52,19.7,4.11
1517,-373.9,-299.4,-67.8,78,4.68,19.7,3.91
1518,-366.1,-346.5,-25.4,90,5.40,19.7,6.99
1519,-368.6,-245.8,-69.2,94,5.64,19.9,6.71
1520,-362.4,-327.9,-23.5,72,4.32,19.7,4.00
1521,-357.2,-142.6,-33.8,99,5.94,19.9,4.18
1522,-377.9,-348.0,-100.4,69,4.14,19.8,3.81
1523,-368.5,-296.9,-48.8,78,4.68,19.7,4.10
1524,-385.4,-633.5,-22.6,83,4.98,19.7,3.73
1525,-358.5,-221.1,-52.7,87,5.22,19.7,3.98
1526,-370.1,-314.9,-19.6,66,3.96,19.5,4.99
1527,-355.7,-283.8,-28.1,85,5.10,19.5,4.63
1528,-365.3,-202.7,-66.9,87,5.22,19.6,3.57
1529,-369.4,-291.1,-40.5,89,5.34,19.6,7.03
1530,-373.8,-375.9,-54.3,80,4.80,19.6,5.28
1531,-360.3,-314.7,-20.0,78,4.68,19.5,10.33
1532,-371.6,-149.6,-61.4,71,4.26,19.4,5.54
1533,-363.5,-548.2,-24.8,105,6.29,19.6,3.92
1534,-364.2,-341.0,-68.4,90,5.40,19.7,7.02
1535,-392.0,-336.0,-146.7,65,3.90,19.5,4.86
1536,-383.7,-295.3,-17.0,78,4.68,19.4,4.15
1537,-367.1,-401.2,-37.9,88,5.28,19.5,5.68
1538,-362.1,-1021.9,-78.3,73,4.38,19.4,4.06
1539,-369.9,-310.1,-36.1,77,4.62,19.3,4.10
1540,-350.1,-268.6,-16.5,89,5.34,19.4,5.62
1541,-369.2,-304.8,-67.5,86,5.16,19.4,5.74
1542,-373.8,-405.9,-32.0,90,5.40,19.5,5.28
1543,-367.7,-374.1,-62.6,79,4.74,19.4,4.53
1544,-370.6,-315.1,-32.5,89,5.34,19.5,3.65
1545,-360.3,-137.4,-62.0,82,4.92,19.5,4.58
1546,-367.2,-239.4,-11.9,75,4.50,19.4,4.42
1547,-361.3,-548.8,-18.2,84,5.04,19.4,4.23
1548,-364.6,-259.3,10.1,94,5.64,19.5,6.54
1549,-356.0,-403.5,-63.8,90,5.40,19.6,5.85
1550,-379.8,-260.3,-18.4,69,4.14,19.4,6.29
1551,-356.5,-593.6,-18.4,94,5.64,19.5,4.45
1552,-375.0,-315.5,-17.4,105,6.29,19.8,4.74
1553,-369.4,-713.2,-70.4,77,4.62,19.7,6.50
1554,-360.0,-394.8,-79.4,79,4.74,19.7,4.48
1555,-369.1,-300.1,-125.5,93,5.58,19.8,7.34
1556,-363.6,-202.4,-28.6,92,5.52,19.9,5.01
1557,-356.9,-308.1,-107.7,74,4.44,19.8,4.18
1558,-377.4,-256.2,-88.3,75,4.50,19.7,4.38
1559,-368.8,-57.3,-53.2,89,5.34,19.7,4.47
1560,-365.1,-320.2,20.3,100,6.00,19.9,3.76
1561,-373.3,-220.9,-105.1,95,5.70,20.1,6.11
1562,-359.4,-203.6,-24.0,83,4.98,20.1,3.80
1563,-361.5,-225.8,-6.8,74,4.44,19.9,4.19
1564,-374.4,-283.5,-29.8,89,5.34,20.0,3.67
1565,-374.0,-299.4,-148.8,66,3.96,19.8,4.14
1566,-374.3,-295.3,-57.5,84,5.04,19.8,5.81
1567,-356.9,-556.4,-56.5,95,5.70,20.0,6.54
1568,-361.8,-788.9,-27.3,79,4.74,19.9,4.80
1569,-360.0,-258.8,-66.8,81,4.86,19.9,5.70
1570,-365.2,-359.3,-30.4,85,5.10,19.9,4.49
1571,-376.2,-304.2,-27.9,81,4.86,19.9,6.68
1572,-355.7,-293.5,-61.2,83,4.98,19.9,3.78
1573,-364.5,-310.0,-14.6,87,5.22,19.9,4.34
1574,-371.1,-319.3,-12.0,83,4.98,19.9,4.70
1575,-365.6,-906.2,-24.5,107,6.41,20.2,3.65
1576,-376.5,-728.4,-28.4,76,4.56,20.1,5.20
1577,-366.2,-253.4,-23.3,89,5.34,20.2,6.37
1578,-388.1,-492.8,-53.8,66,3.96,19.9,6.26
1579,-368.9,-271.3,-22.1,78,4.68,19.9,5.01
1580,-358.9,-634.6,-110.6,103,6.18,20.1,6.11
1581,-357.5,-370.1,-82.4,76,4.56,20.0,4.95
1582,-367.4,-604.2,-77.7,103,6.18,20.3,3.84
1583,-372.4,-289.3,-30.9,65,3.90,20.0,6.39
1584,-375.3,-595.7,-49.1,78,4.68,20.0,4.31
1585,-367.0,-268.2,-15.5,73,4.38,19.8,5.56
1586,-371.3,-331.9,-29.2,81,4.86,19.8,5.41
1587,-365.4,-325.8,-7.3,71,4.26,19.7,3.81
1588,-369.4,-230.7,-17.8,96,5.76,19.8,9.58
1589,-368.1,-632.2,-55.5,98,5.88,20.0,5.52
1590,-370.8,-401.3,-28.9,76,4.56,19.9,4.86
1591,-367.3,-369.8,-9.4,74,4.44,19.8,3.64
1592,-363.3,-504.9,-33.0,94,5.64,19.9,4.58
1593,-381.9,-230.5,-16.4,73,4.38,19.8,3.80
1594,-379.5,-308.1,-22.7,79,4.74,19.7,4.84
1595,-369.6,-206.2,-48.7,67,4.02,19.5,5.14
1596,-381.1,-293.6,-45.4,70,4.20,19.4,4.21
1597,-371.1,-242.6,-89.3,98,5.88,19.6,6.85
1598,-379.6,-269.5,-35.8,90,5.40,19.6,4.70
1599,-365.6,-239.1,-50.1,78,4.68,19.6,5.60
1600,-363.6,-183.3,-25.5,80,4.80,19.5,4.11
1601,-366.7,-224.7,-47.3,93,5.58,19.6,4.22
1602,-382.8,-719.4,-48.5,80,4.80,19.6,5.43
1603,-382.8,-280.3,-165.6,94,5.64,19.7,4.22
1604,-383.6,-501.0,-102.4,71,4.26,19.6,4.08
1605,-385.4,-442.4,-88.0,85,5.10,19.6,5.21
1606,-384.6,-713.7,-57.6,82,4.92,19.6,4.13
1607,-360.5,-452.3,-97.0,74,4.44,19.5,4.87
1608,-385.6,-407.9,-21.1,98,5.88,19.6,5.30
1609,-384.2,-307.7,-12.8,88,5.28,19.7,6.00
1610,-378.5,-480.9,-73.7,85,5.10,19.7,6.62
1611,-373.2,-637.5,16.5,80,4.80,19.7,10.40
1612,-378.0,-181.7,-9.4,95,5.70,19.8,3.72
1613,-382.7,-552.2,-91.3,81,4.86,19.8,6.85
1614,-372.7,-664.2,-39.6,108,6.47,20.1,9.66
1615,-370.6,-438.4,-69.4,82,4.92,20.1,4.97
1616,-364.0,-451.9,-61.4,81,4.86,20.0,5.23
1617,-366.2,-272.3,-14.5,84,5.04,20.0,4.63
1618,-354.6,-286.4,-18.0,88,5.28,20.1,3.72
1619,-372.2,-262.8,-73.7,85,5.10,20.1,5.30
1620,-377.1,-275.4,-7.8,90,5.40,20.2,6.44
1621,-366.8,-301.1,-98.0,79,4.74,20.1,5.12
1622,-366.6,-180.1,-61.9,81,4.86,20.1,4.15
1623,-370.9,-276.7,-79.6,91,5.46,20.2,7.30
1624,-383.9,-794.9,-11.8,76,4.56,20.1,4.03
1625,-377.3,-266.9,-27.9,91,5.46,20.2,5.02
1626,-379.4,-222.0,-57.4,69,4.14,20.0,4.24
1627,-360.6,-434.5,-95.7,79,4.74,20.0,4.48
1628,-373.4,-269.9,-92.9,82,4.92,20.0,6.78
1629,-357.7,-396.6,-15.7,99,5.94,20.1,3.56
1630,-391.7,-236.8,-74.5,81,4.86,20.1,6.82
1631,-369.7,-238.5,-44.5,78,4.68,20.1,6.83
1632,-370.3,-199.0,-24.1,67,4.02,19.9,5.70
1633,-351.5,-277.0,-34.2,99,5.94,20.0,5.06
1634,-373.2,-388.5,-136.9,80,4.80,20.0,4.79
1635,-373.1,-271.4,-14.1,77,4.62,19.9,4.25
1636,-391.9,-171.1,-84.5,87,5.22,20.0,7.31
1637,-366.5,-194.5,-63.6,61,3.66,19.7,5.13
1638,-365.0,-216.7,-50.5,90,5.40,19.8,6.97
1639,-367.9,-438.1,-59.1,82,4.92,19.8,3.86
1640,-352.0,-558.8,-78.7,74,4.44,19.6,6.82
1641,-378.2,-189.3,-19.5,72,4.32,19.5,3.96
1642,-358.5,-211.1,-112.5,74,4.44,19.4,5.05
1643,-365.3,-226.9,-141.1,90,5.40,19.5,3.60
1644,-378.6,-207.4,-114.6,91,5.46,19.6,4.86
1645,-382.7,-226.8,-146.0,94,5.64,19.7,4.40
1646,-368.3,-269.6,-106.7,89,5.34,19.8,6.66
1647,-348.2,-281.3,-57.4,86,5.16,19.8,4.72
1648,-380.9,-231.3,-123.4,77,4.62,19.7,4.60
1649,-366.8,-280.5,-119.9,80,4.80,19.7,6.76
1650,-371.3,-245.9,-80.9,90,5.40,19.8,6.79
1651,-380.1,-441.2,-13.9,88,5.28,19.8,5.68
1652,-371.2,-225.1,-93.3,84,5.04,19.8,4.03
1653,-372.1,-253.0,-36.0,91,5.46,19.9,3.62
1654,-350.9,-232.2,-11.0,71,4.26,19.8,5.13
1655,-340.4,-209.3,-52.1,84,5.04,19.8,6.54
1656,-338.9,-233.6,-121.3,80,4.80,19.7,4.30
1657,-347.6,-209.6,-19.2,80,4.80,19.7,4.39
1658,-357.0,-208.0,-148.4,75,4.50,19.6,4.10
1659,-361.4,-219.3,-11.1,83,4.98,19.6,7.16
1660,-370.3,-236.8,-29.9,81,4.86,19.6,5.71
1661,-385.8,-238.5,-29.5,90,5.40,19.6,8.40
1662,-371.4,-220.4,-18.8,68,4.08,19.4,3.95
1663,-363.1,-740.2,-134.0,99,5.94,19.6,4.04
1664,-370.8,-13.8,-13.8,70,4.20,19.5,6.00
1665,-359.3,-296.4,-91.8,93,5.58,19.6,3.67
1666,-375.5,-206.2,-18.8,88,5.28,19.6,6.27
1667,-380.7,-221.4,-25.7,93,5.58,19.8,4.36
1668,-367.5,-296.2,-77.1,88,5.28,19.8,3.66
1669,-346.2,-404.6,-3.1,87,5.22,19.8,4.49
1670,-387.0,-219.8,-23.5,91,5.46,19.9,5.49
1671,-382.1,-400.3,-55.1,69,4.14,19.8,5.99
1672,-366.9,-203.1,-36.0,81,4.86,19.7,4.93
1673,-366.6,-294.8,-21.2,80,4.80,19.7,5.80
1674,-346.7,-240.6,-46.6,95,5.70,19.8,3.59
1675,-353.0,-214.8,11.8,85,5.10,19.9,6.02
1676,-394.1,-784.0,-17.3,81,4.86,19.8,4.01
1677,-371.1,-255.8,-14.5,66,3.96,19.6,6.66
1678,-366.4,-526.6,-43.5,93,5.58,19.7,4.84
1679,-371.7,-421.1,-23.2,67,4.02,19.5,3.91
1680,-352.1,-234.3,-34.7,82,4.92,19.5,3.96
1681,-359.2,-251.0,-14.2,83,4.98,19.5,6.42
1682,-378.5,-175.6,-67.9,90,5.40,19.6,3.73
1683,-376.8,-258.2,-147.5,103,6.18,19.8,5.89
1684,-374.9,-466.5,-60.8,72,4.32,19.7,5.35
1685,-367.0,-319.8,-40.8,72,4.32,19.6,5.23
1686,-374.5,-222.9,-28.0,81,4.86,19.5,4.53
1687,-351.7,-217.0,-44.5,78,4.68,19.5,4.46
1688,-371.8,-276.3,-99.4,83,4.98,19.5,3.86
1689,-388.9,-218.7,-51.1,98,5.88,19.6,5.00
1690,-379.4,-460.8,-84.1,99,5.94,19.8,4.38
1691,-375.5,-305.2,-74.6,86,5.16,19.8,6.61
1692,-357.2,-201.5,-21.3,84,5.04,19.9,4.30
1693,-362.4,-224.5,-55.2,93,5.58,20.0,4.91
1694,-365.1,-697.2,-41.6,86,5.16,20.0,4.17
1695,-360.6,-229.2,-163.7,78,4.68,19.9,7.39
1696,-366.8,-245.0,-154.1,77,4.62,19.9,6.90
1697,-363.7,-403.2,-52.0,84,5.04,19.9,3.82
1698,-366.6,-291.0,-71.7,89,5.34,19.9,6.44
1699,-364.4,-235.9,-44.3,81,4.86,19.9,7.89
1700,-353.1,-251.5,-65.4,80,4.80,19.9,6.12
1701,-385.2,-249.8,-23.2,85,5.10,19.9,6.30
1702,-356.3,-197.8,-21.0,87,5.22,19.9,5.75
1703,-374.4,-273.6,-153.3,77,4.62,19.8,5.07
1704,-368.7,-235.8,-43.5,90,5.40,19.9,5.21
1705,-364.7,-669.6,-64.9,76,4.56,19.8,4.78
1706,-369.8,-221.6,-17.2,75,4.50,19.7,5.73
1707,-353.7,-302.3,-19.0,77,4.62,19.7,4.26
1708,-361.9,-231.0,-54.0,80,4.80,19.6,4.09
1709,-370.0,-250.1,-32.5,92,5.52,19.7,6.74
1710,-360.5,-444.6,-151.3,78,4.68,19.7,4.06
1711,-364.6,-238.3,-18.3,93,5.58,19.8,6.73
1712,-372.1,-301.8,-46.3,62,3.72,19.5,4.43
1713,-380.0,-662.5,-16.1,91,5.46,19.6,6.94
1714,-350.8,-214.2,-14.8,69,4.14,19.4,6.55
1715,-370.1,-218.5,-51.2,83,4.98,19.4,6.50
1716,-373.4,-217.1,-17.7,81,4.86,19.4,4.46
1717,-361.7,-726.6,-47.5,86,5.16,19.4,6.66
1718,-369.4,-238.7,-12.9,89,5.34,19.5,6.69
1719,-364.1,-595.7,-27.9,88,5.28,19.6,4.43
1720,-365.2,-258.1,-3.5,80,4.80,19.5,5.97
1721,-367.3,-215.1,-96.0,75,4.50,19.4,5.23
1722,-362.0,-220.6,-52.7,94,5.64,19.5,3.60
1723,-359.4,-584.0,-68.8,87,5.22,19.6,3.67
1724,-367.8,-265.7,-30.7,72,4.32,19.4,4.68
1725,-360.5,-192.4,17.1,85,5.10,19.5,4.38
1726,-365.6,-470.0,-6.3,90,5.40,19.5,4.95
1727,-378.7,-238.7,-45.4,94,5.64,19.7,4.15
1728,-378.6,-151.0,-80.1,70,4.20,19.5,4.20
1729,-355.1,-264.9,-25.7,107,6.41,19.8,5.96
1730,-355.3,-321.4,13.3,68,4.08,19.6,3.88
1731,-390.4,-183.0,-25.2,104,6.24,19.8,9.63
1732,-370.3,-473.2,-8.7,93,5.58,20.0,3.94
1733,-348.7,-644.5,-16.1,80,4.80,19.9,5.07
1734,-384.6,-211.0,-59.4,75,4.50,19.8,6.06
1735,-368.2,-484.4,-77.6,84,5.04,19.8,4.24
1736,-384.5,-587.3,-26.8,75,4.50,19.7,6.74
1737,-370.1,-233.3,-36.2,95,5.70,19.9,6.68
1738,-370.6,-456.4,-58.0,76,4.56,19.8,6.45
1739,-355.7,-754.7,-23.9,82,4.92,19.8,7.53
1740,-375.9,-393.8,-33.4,89,5.34,19.8,4.02
1741,-363.6,-216.8,-5.1,82,4.92,19.8,3.78
1742,-366.1,-273.8,-14.1,91,5.46,19.9,4.15
1743,-369.0,-310.4,-77.3,82,4.92,19.9,5.59
1744,-352.1,-233.1,-26.4,91,5.46,20.0,6.32
1745,-361.2,-680.5,-79.4,83,4.98,20.0,3.93
1746,-366.2,-438.8,-57.6,76,4.56,19.9,4.04
1747,-370.7,-275.9,-58.2,82,4.92,19.9,3.88
1748,-369.7,-491.4,-68.1,89,5.34,19.9,4.20
1749,-373.3,-213.9,-37.1,85,5.10,19.9,6.44
1750,-348.3,-218.8,-77.0,96,5.76,20.1,5.38
1751,-361.4,-452.1,-71.1,83,4.98,20.1,4.31
1752,-381.0,-573.3,-40.0,94,5.64,20.2,5.56
1753,-380.2,-410.6,-31.2,70,4.20,20.1,4.30
1754,-384.7,-190.7,-78.4,73,4.38,19.9,9.60
1755,-371.4,-415.5,-19.6,82,4.92,19.9,4.58
1756,-386.0,-336.8,-144.6,85,5.10,19.9,6.00
1757,-376.0,-415.8,-126.3,87,5.22,20.0,3.96
1758,-366.6,-508.4,-59.4,88,5.28,20.0,5.03
1759,-378.4,-295.8,-77.9,88,5.28,20.1,4.09
1760,-379.0,-217.2,-112.0,62,3.72,19.8,3.94
1761,-377.3,-275.2,-29.5,82,4.92,19.8,4.50
1762,-370.5,-302.8,-140.7,91,5.46,19.9,6.62
1763,-365.7,-431.8,-22.7,93,5.58,20.0,3.85
1764,-366.7,-600.2,-7.9,62,3.72,19.8,5.75
1765,-362.9,-326.1,-13.0,99,5.94,19.9,6.33
1766,-362.2,-242.2,-157.9,81,4.86,19.9,4.20
1767,-358.2,-674.4,-9.9,86,5.16,19.9,4.43
1768,-370.8,-303.2,-64.1,75,4.50,19.8,6.73
1769,-369.3,-259.7,-25.9,82,4.92,19.8,7.33
1770,-378.9,-293.7,-22.8,93,5.58,19.9,5.75
1771,-372.2,-271.6,-89.6,88,5.28,20.0,5.35
1772,-369.2,-412.6,-53.3,72,4.32,19.9,3.84
1773,-365.8,-347.2,-57.0,78,4.68,19.8,6.28
1774,-369.2,-494.3,-29.1,95,5.70,19.9,6.62
1775,-374.9,-626.0,-76.0,91,5.46,20.0,3.88
1776,-370.1,-282.2,-58.6,90,5.40,20.1,4.34
1777,-363.9,-221.9,-84.6,65,3.90,19.9,3.69
1778,-372.3,-398.1,-13.4,75,4.50,19.8,4.99
1779,-371.0,-654.1,-50.4,79,4.74,19.7,4.59
1780,-367.6,-200.3,-46.8,86,5.16,19.8,4.34
1781,-382.2,-236.2,-73.7,83,4.98,19.8,4.23
1782,-369.9,-223.7,-52.4,87,5.22,19.8,4.45
1783,-379.0,-214.2,-54.3,80,4.80,19.8,5.73
1784,-399.9,-217.0,-145.0,82,4.92,19.7,4.58
1785,-390.5,-213.6,-55.1,87,5.22,19.8,7.97
1786,-382.9,-585.6,-7.5,79,4.74,19.7,4.22
1787,-385.6,-272.0,-80.3,85,5.10,19.8,3.79
1788,-379.0,-261.3,-45.0,71,4.26,19.6,5.38
1789,-393.9,-426.9,-53.8,71,4.26,19.5,4.77
1790,-380.6,-193.0,-75.2,70,4.20,19.3,3.91
1791,-358.5,-276.5,-5.4,91,5.46,19.4,5.68
1792,-376.5,-233.1,21.1,78,4.68,19.3,6.28
1793,-374.5,-686.2,-10.0,73,4.38,19.2,7.92
1794,-365.7,-605.7,-9.3,108,6.47,19.5,3.95
1795,-365.1,-644.0,-13.9,85,5.10,19.5,5.30
1796,-375.0,-415.5,-68.9,75,4.50,19.4,4.07
1797,-371.6,-551.8,-141.6,73,4.38,19.3,6.44
1798,-382.7,-195.4,-16.7,93,5.58,19.4,5.59
1799,-372.4,-379.5,-60.0,85,5.10,19.4,3.99
1800,-363.1,-332.6,-69.9,75,4.50,19.3,4.31
1801,-361.1,-231.2,-33.2,76,4.56,19.2,5.45
1802,-366.1,-420.5,-44.2,84,5.04,19.2,4.73
1803,-371.0,-240.3,-43.6,94,5.64,19.4,4.19
1804,-383.4,-312.1,-14.9,91,5.46,19.5,5.63
1805,-368.7,-426.9,-95.6,65,3.90,19.2,9.51
1806,-365.5,-330.0,-28.0,104,6.24,19.5,6.71
1807,-363.4,-243.1,-47.5,82,4.92,19.5,3.74
1808,-377.1,-642.2,-66.4,84,5.04,19.5,4.06
1809,-361.4,-271.0,-54.5,82,4.92,19.5,5.78
1810,-367.7,-180.8,-131.2,104,6.24,19.7,4.61
1811,-374.6,-308.1,-17.4,75,4.50,19.6,4.40
1812,-360.5,-523.8,-85.1,80,4.80,19.6,6.11
1813,-373.5,-394.3,-146.8,84,5.04,19.6,3.94
1814,-362.8,-217.2,-20.6,85,5.10,19.6,3.61
1815,-360.8,-250.4,-25.8,104,6.24,19.8,3.80
1816,-353.8,-247.4,-26.5,78,4.68,19.8,4.03
1817,-382.4,-256.4,-6.6,94,5.64,19.9,9.32
1818,-359.5,-640.3,-27.4,63,3.78,19.6,4.07
1819,-362.9,-308.2,-54.6,76,4.56,19.6,4.07
1820,-364.1,-239.8,-45.8,94,5.64,19.7,3.91
1821,-357.6,-287.1,-44.4,79,4.74,19.6,5.27
1822,-380.7,-319.0,-28.1,90,5.40,19.7,3.86
1823,-374.4,-214.1,-35.7,85,5.10,19.7,6.21
1824,-372.3,-330.4,-71.7,98,5.88,19.9,4.16
1825,-369.3,-448.3,-65.6,76,4.56,19.8,4.07
1826,-378.3,-212.3,-74.3,77,4.62,19.7,9.68
1827,-383.7,-296.7,-16.0,81,4.86,19.7,3.99
1828,-362.9,-737.6,-44.8,95,5.70,19.8,6.24
1829,-374.0,-226.8,-66.6,69,4.14,19.7,4.68
1830,-374.5,-268.6,-15.3,96,5.76,19.8,9.40
1831,-369.4,-299.0,-58.9,87,5.22,19.9,6.64
1832,-369.9,-199.2,-65.2,96,5.76,20.0,3.87
1833,-368.2,-289.5,-20.0,83,4.98,20.0,3.64
1834,-370.8,-579.9,-60.6,103,6.18,20.2,6.04
1835,-366.5,-622.0,-33.1,75,4.50,20.1,3.68
1836,-478.7,-215.0,-22.8,81,4.86,20.1,4.43
1837,-473.0,-530.3,-56.1,78,4.68,20.0,4.93
1838,-367.2,-258.8,-25.9,86,5.16,20.1,3.77
1839,-363.9,-242.3,-50.5,75,4.50,20.0,3.85
1840,-371.8,-204.8,-42.4,80,4.80,19.9,4.25
1841,-353.9,-413.8,-43.1,93,5.58,20.0,3.93
1842,-366.7,-198.2,-61.3,61,3.66,19.8,3.85
1843,-362.2,-428.5,-59.5,84,5.04,19.8,9.39
1844,-375.0,-218.4,-83.4,88,5.28,19.8,4.05
1845,-359.2,-237.1,-22.8,71,4.26,19.7,4.96
1846,-367.5,-230.5,-97.1,91,5.46,19.8,4.16
1847,-364.6,-308.0,-48.6,79,4.74,19.7,4.74
1848,-370.5,-444.2,-17.9,82,4.92,19.7,9.21
1849,-361.7,-189.3,-30.4,90,5.40,19.8,4.14
1850,-364.4,-394.2,-25.1,102,6.12,20.0,3.79
1851,-362.2,-204.3,-8.8,79,4.74,20.0,4.04
1852,-387.3,-218.9,-38.4,93,5.58,20.1,4.22
1853,-381.8,-456.2,-29.5,84,5.04,20.1,5.49
1854,-384.8,-483.6,-132.4,81,4.86,20.1,3.92
1855,-345.7,-648.4,-52.2,77,4.62,20.0,3.92
1856,-363.8,-193.8,-36.6,92,5.52,20.1,4.67
1857,-381.2,-721.6,-64.0,76,4.56,20.0,6.63
1858,-375.5,-241.2,-75.5,72,4.32,19.9,5.79
1859,-368.5,-446.0,-22.9,77,4.62,19.8,3.82
1860,-387.4,-220.6,-25.2,91,5.46,19.9,5.58
1861,-377.2,-223.5,-22.1,83,4.98,19.9,4.47
1862,-367.4,-643.5,-14.9,66,3.96,19.7,3.76
1863,-366.7,-234.6,3.8,87,5.22,19.7,3.94
1864,-371.3,-243.6,-50.1,91,5.46,19.8,4.49
1865,-386.7,-273.3,-29.0,91,5.46,19.9,6.06
1866,-381.8,-262.5,-87.3,69,4.14,19.7,4.00
1867,-370.7,-263.9,-26.4,79,4.74,19.7,5.03
1868,-353.5,-284.8,-17.5,110,6.59,20.0,3.85
1869,-374.3,-424.2,-92.5,67,4.02,19.8,4.49
1870,-358.5,-422.4,-55.2,84,5.04,19.8,3.97
1871,-356.7,-209.6,-21.5,81,4.86,19.7,4.61
1872,-361.1,-237.1,-26.4,90,5.40,19.8,4.27
1873,-372.1,-271.1,0.4,74,4.44,19.7,4.02
1874,-361.1,-261.0,-28.2,72,4.32,19.6,4.17
1875,-376.2,-683.3,-25.1,79,4.74,19.5,8.36
1876,-373.9,-286.2,-56.2,95,5.70,19.7,4.00
1877,-355.5,-258.3,-63.0,69,4.14,19.5,4.32
1878,-382.1,-193.5,-50.9,80,4.80,19.5,4.05
1879,-352.3,-546.5,-56.0,82,4.92,19.4,3.95
1880,-388.2,-251.8,-63.2,83,4.98,19.4,7.15
1881,-370.7,-229.5,-33.9,71,4.26,19.3,6.08
1882,-356.0,-204.2,-20.6,107,6.41,19.6,4.54
1883,-375.8,-217.4,-85.2,71,4.26,19.4,4.79
1884,-359.9,-215.2,-16.7,88,5.28,19.5,4.14
1885,-376.6,-208.2,-35.0,81,4.86,19.4,4.55
1886,-368.0,-215.8,-32.6,86,5.16,19.5,4.04
1887,-358.3,-211.7,-16.7,95,5.70,19.6,5.21
1888,-368.0,-187.9,-55.0,84,5.04,19.6,4.29
1889,-352.2,-408.5,-18.4,89,5.34,19.7,3.94
1890,-369.1,-260.8,-49.9,80,4.80,19.6,6.16
1891,-367.9,-184.5,-74.2,84,5.04,19.6,6.25
1892,-377.2,-253.6,-45.2,73,4.38,19.5,3.89
1893,-361.3,-853.1,-79.8,89,5.34,19.6,3.88
1894,-366.7,-422.3,-85.4,87,5.22,19.6,5.79
1895,-340.1,-193.0,-74.7,100,6.00,19.8,3.89
1896,-381.0,-198.3,-24.2,73,4.38,19.7,3.69
1897,-386.6,-221.7,-147.5,82,4.92,19.7,4.90
1898,-393.0,-409.9,-63.1,86,5.16,19.7,4.67
1899,-381.7,-253.6,-114.6,90,5.40,19.8,10.40
1900,-382.7,-631.4,-52.6,78,4.68,19.7,6.04
1901,-373.8,-232.1,14.7,74,4.44,19.6,4.08
1902,-393.8,-743.0,-24.6,96,5.76,19.8,5.18
1903,-348.0,-354.1,12.8,82,4.92,19.8,3.67
1904,-370.1,-269.8,13.7,85,5.10,19.8,6.91
1905,-366.3,-319.4,-113.2,80,4.80,19.7,4.72
1906,-360.4,-588.5,-35.2,80,4.80,19.7,5.36
1907,-365.0,-260.9,-24.3,89,5.34,19.8,4.25
1908,-360.4,-191.4,-121.0,87,5.22,19.8,6.75
1909,-358.5,-220.1,-67.5,78,4.68,19.7,3.96
1910,-364.4,-255.1,-172.9,91,5.46,19.8,3.76
1911,-370.2,-221.4,-23.0,58,3.48,19.5,5.93
1912,-374.7,-505.3,-64.0,81,4.86,19.5,5.39
1913,-389.9,-495.0,-19.7,88,5.28,19.6,6.40
1914,-382.1,-407.3,-28.6,106,6.35,19.8,9.55
1915,-371.7,-217.1,-10.9,78,4.68,19.8,5.56
1916,-369.0,-200.7,-32.5,85,5.10,19.8,6.46
1917,-385.0,-503.3,-137.3,90,5.40,19.8,4.97
1918,-370.0,-383.1,-21.1,73,4.38,19.7,3.71
1919,-358.8,-230.2,-30.1,84,5.04,19.7,7.17
1920,-365.6,-220.5,-39.1,79,4.74,19.7,3.99
1921,-359.8,-278.0,-24.8,96,5.76,19.8,7.13
1922,-372.3,-180.3,-133.1,82,4.92,19.8,6.07
1923,-360.8,-610.3,-26.7,81,4.86,19.8,3.99
1924,-368.2,-440.4,-14.4,96,5.76,19.9,5.46
1925,-359.7,-277.4,-37.7,69,4.14,19.8,6.24
1926,-366.8,-207.5,-90.1,93,5.58,19.9,3.94
1927,-360.8,-496.6,-58.8,75,4.50,19.8,3.92
1928,-375.4,-251.4,-77.5,86,5.16,19.8,6.46
1929,-378.1,-449.0,-23.5,73,4.38,19.7,4.25
1930,-361.9,-562.6,-55.4,82,4.92,19.7,5.44
1931,-376.6,-457.2,-12.1,77,4.62,19.6,4.08
1932,-368.9,-397.6,-40.4,83,4.98,19.6,4.17
1933,-373.4,-259.1,-1.6,81,4.86,19.6,8.10
1934,-360.6,-291.9,-16.0,80,4.80,19.5,6.69
1935,-361.5,-316.7,-3.8,83,4.98,19.5,4.41
1936,-368.1,-393.2,-54.6,90,5.40,19.6,4.39
1937,-386.9,-551.0,-69.1,84,5.04,19.6,9.43
1938,-356.5,-484.3,-118.8,97,5.82,19.8,5.60
1939,-359.7,-231.9,21.1,84,5.04,19.8,3.69
1940,-372.8,-317.8,-26.5,79,4.74,19.7,5.71
1941,-357.4,-223.1,-16.8,83,4.98,19.7,4.66
1942,-379.2,-246.7,-51.9,97,5.82,19.9,5.95
1943,-360.8,-201.9,-73.2,84,5.04,19.9,4.40
1944,-353.8,-210.5,-48.9,106,6.35,20.1,5.09
1945,-349.2,-382.3,-73.7,70,4.20,20.0,5.13
1946,-373.1,-227.7,-29.9,85,5.10,20.0,5.80
1947,-374.8,-223.7,-37.4,106,6.35,20.3,4.72
1948,-341.7,-263.7,-107.5,68,4.08,20.1,3.80
1949,-369.0,-442.7,-47.5,77,4.62,20.0,3.95
1950,-364.1,-219.2,-16.7,77,4.62,19.9,3.89
1951,-373.6,-222.0,-30.7,94,5.64,20.1,4.27
1952,-369.4,-493.9,-36.2,84,5.04,20.1,4.13
1953,-366.0,-383.8,-49.0,75,4.50,20.0,8.98
1954,-390.3,-683.4,-40.0,88,5.28,20.0,9.51
1955,-371.3,-240.3,-24.3,87,5.22,20.1,4.12
1956,-381.8,-566.9,-58.2,69,4.14,19.9,4.81
1957,-369.7,-589.0,-28.4,93,5.58,20.0,6.52
1958,-366.3,-506.0,-17.8,91,5.46,20.1,3.73
1959,-376.7,-677.4,-46.4,90,5.40,20.2,4.13
1960,-365.0,-416.7,-149.2,73,4.38,20.0,4.43
1961,-377.2,-385.7,-40.9,82,4.92,20.0,6.63
1962,-363.3,-424.3,-20.5,78,4.68,20.0,5.64
1963,-362.8,-211.0,-70.2,81,4.86,19.9,5.09
1964,-353.3,-220.7,-77.7,74,4.44,19.8,4.10
1965,-393.8,-208.4,-70.5,87,5.22,19.9,5.00
1966,-360.3,-484.7,-87.1,75,4.50,19.8,7.06
1967,-343.5,-284.3,-151.5,72,4.32,19.6,5.09
1968,-374.9,-545.3,-24.5,87,5.22,19.7,5.61
1969,-374.1,-559.7,-63.9,90,5.40,19.8,5.12
1970,-365.1,-747.2,-40.1,97,5.82,19.9,4.65
1971,-369.8,-242.8,-61.3,70,4.20,19.8,4.36
1972,-361.5,-258.3,-60.1,88,5.28,19.8,4.28
1973,-386.7,-238.1,-50.1,74,4.44,19.7,4.69
1974,-365.9,-239.3,-62.1,85,5.10,19.7,3.89
1975,-347.5,-219.2,-54.1,78,4.68,19.7,4.03
1976,-377.2,-595.4,-27.5,91,5.46,19.7,3.79
1977,-368.1,-203.6,-31.8,75,4.50,19.6,6.95
1978,-383.5,-344.2,-17.8,84,5.04,19.6,4.07
1979,-358.2,-268.9,-80.0,74,4.44,19.5,3.94
1980,-369.6,-255.0,-165.9,89,5.34,19.6,4.10
1981,-373.8,-491.0,-140.3,75,4.50,19.5,4.48
1982,-372.3,-289.8,-60.2,87,5.22,19.5,6.00
1983,-365.9,-197.0,-34.4,79,4.74,19.5,5.47
1984,-364.0,-642.8,-82.4,92,5.52,19.6,7.60
1985,-377.6,-218.8,-72.0,105,6.29,19.9,5.95
1986,-376.5,-684.0,-26.7,63,3.78,19.6,3.74
1987,-380.0,-263.9,-60.6,78,4.68,19.5,5.07
1988,-369.8,-223.3,-140.1,97,5.82,19.7,4.37
1989,-352.3,-231.2,-39.9,80,4.80,19.7,4.61
1990,-372.6,-246.9,-24.4,77,4.62,19.6,4.51
1991,-370.3,-235.9,-30.8,83,4.98,19.6,4.05
1992,-354.0,-205.5,-37.4,84,5.04,19.6,4.57
1993,-368.6,-195.8,-59.9,95,5.70,19.7,5.32
1994,-362.3,-215.5,-51.4,98,5.88,19.9,4.30
1995,-362.4,-211.2,-33.7,98,5.88,20.1,4.59
1996,-361.7,-490.8,-14.0,91,5.46,20.2,4.52
1997,-378.0,-454.2,-20.2,71,4.26,20.0,6.51
1998,-380.1,-425.7,-24.1,84,5.04,20.0,5.20
1999,-360.3,-506.4,-86.8,94,5.64,20.1,4.06
